사용월,호선명,지하철역,유임승차인원,무임승차인원,유임하차인원,무임하차인원,승차인원,하차인원
202011,우이신설선,4.19민주묘지,47094,28318,46851,25855,75412,72706
202010,우이신설선,4.19민주묘지,45957,31491,44921,27925,77448,72846
202009,우이신설선,4.19민주묘지,37894,27137,37524,24332,65031,61856
202008,우이신설선,4.19민주묘지,38134,25599,37443,23839,63733,61282
202007,우이신설선,4.19민주묘지,46501,31358,45351,28504,77859,73855
202011,경원선,가능,124021,44959,117330,44355,168980,161685
202010,경원선,가능,126311,47886,118468,47378,174197,165846
202009,경원선,가능,110725,42804,105744,42265,153529,148009
202008,경원선,가능,112259,42355,106356,41754,154614,148110
202007,경원선,가능,133578,48542,124978,47729,182120,172707
202011,3호선,가락시장,171702,65255,170692,64728,236957,235420
202010,3호선,가락시장,164955,64704,164274,63363,229659,227637
202009,3호선,가락시장,145109,61059,143578,60012,206168,203590
202008,3호선,가락시장,153418,57323,149134,55822,210741,204956
202007,3호선,가락시장,190070,66393,186105,64383,256463,250488
202011,8호선,가락시장(8호선),151100,54015,175749,55666,205115,231415
202010,8호선,가락시장(8호선),145422,54338,170401,55770,199760,226171
202009,8호선,가락시장(8호선),130201,53367,150156,55918,183568,206074
202008,8호선,가락시장(8호선),132159,45043,152942,46557,177202,199499
202007,8호선,가락시장(8호선),160265,52880,187371,54433,213145,241804
202011,경부선,가산디지털단지(경부선),398476,28226,478958,31513,426702,510471
202010,경부선,가산디지털단지(경부선),378906,28215,457559,31232,407121,488791
202009,경부선,가산디지털단지(경부선),345466,24941,412293,27096,370407,439389
202008,경부선,가산디지털단지(경부선),344095,24017,409202,26836,368112,436038
202007,경부선,가산디지털단지(경부선),426257,28865,501118,32268,455122,533386
202011,7호선,가산디지털단지(7호선),1040049,74878,1042589,71209,1114927,1113798
202010,7호선,가산디지털단지(7호선),972651,71857,976959,68360,1044508,1045319
202009,7호선,가산디지털단지(7호선),903567,64811,907667,61662,968378,969329
202008,7호선,가산디지털단지(7호선),900351,63870,906263,60076,964221,966339
202007,7호선,가산디지털단지(7호선),1092353,75745,1102697,71659,1168098,1174356
202011,9호선,가양,417077,103818,405307,101409,520895,506716
202010,9호선,가양,404031,105620,391342,102517,509651,493859
202009,9호선,가양,353358,92444,342966,90135,445802,433101
202008,9호선,가양,383522,95192,369427,93010,478714,462437
202007,9호선,가양,451203,108797,432818,106222,560000,539040
202011,우이신설선,가오리,64978,37677,61576,38992,102655,100568
202010,우이신설선,가오리,64150,38391,59478,39041,102541,98519
202009,우이신설선,가오리,56883,32940,54748,34259,89823,89007
202008,우이신설선,가오리,58535,33453,54887,34758,91988,89645
202007,우이신설선,가오리,70459,39060,65365,40383,109519,105748
202011,경의선,가좌,103001,36505,92265,35668,139506,127933
202010,경의선,가좌,99031,37965,89793,37211,136996,127004
202009,경의선,가좌,85280,32454,77049,32212,117734,109261
202008,경의선,가좌,90809,32490,81512,32340,123299,113852
202007,경의선,가좌,108434,38997,96835,38313,147431,135148
202011,분당선,가천대,188497,21721,213739,22649,210218,236388
202010,분당선,가천대,194814,21442,216388,22637,216256,239025
202009,분당선,가천대,132047,18858,151575,19891,150905,171466
202008,분당선,가천대,123260,19050,145674,20226,142310,165900
202007,분당선,가천대,175799,21984,198468,23270,197783,221738
202011,경춘선,가평,33860,11656,34227,11507,45516,45734
202010,경춘선,가평,43523,17900,42941,17682,61423,60623
202009,경춘선,가평,27566,11115,28816,11020,38681,39836
202008,경춘선,가평,46124,9992,46492,9766,56116,56258
202007,경춘선,가평,59884,13875,62019,13592,73759,75611
202011,경인선,간석,115352,35384,108951,34056,150736,143007
202010,경인선,간석,115111,36689,108387,34975,151800,143362
202009,경인선,간석,99559,31915,95216,30735,131474,125951
202008,경인선,간석,104600,32044,99687,30728,136644,130415
202007,경인선,간석,125774,36999,118979,35407,162773,154386
202011,경춘선,갈매,61603,16110,51230,15302,77713,66532
202010,경춘선,갈매,60401,16475,50747,15806,76876,66553
202009,경춘선,갈매,51425,14303,43591,13601,65728,57192
202008,경춘선,갈매,52135,13625,44292,13187,65760,57479
202007,경춘선,갈매,63882,16821,53381,16151,80703,69532
202011,2호선,강남,2019373,144790,2046712,129444,2164163,2176156
202010,2호선,강남,1940463,139031,1989674,124122,2079494,2113796
202009,2호선,강남,1565184,120841,1575148,106900,1686025,1682048
202008,2호선,강남,1926255,129625,1962805,115438,2055880,2078243
202007,2호선,강남,2402912,156106,2460256,138149,2559018,2598405
202011,분당선,강남구청(분당선),202028,31453,236851,33895,233481,270746
202010,분당선,강남구청(분당선),190758,30675,224646,33573,221433,258219
202009,분당선,강남구청(분당선),167042,26164,195667,28666,193206,224333
202008,분당선,강남구청(분당선),178966,27484,208650,29311,206450,237961
202007,분당선,강남구청(분당선),218115,32979,255747,35608,251094,291355
202011,7호선,강남구청(7호선),356949,39177,401615,39446,396126,441061
202010,7호선,강남구청(7호선),338837,38055,385939,38225,376892,424164
202009,7호선,강남구청(7호선),310411,33394,347829,33299,343805,381128
202008,7호선,강남구청(7호선),319926,33650,363686,34286,353576,397972
202007,7호선,강남구청(7호선),379402,40895,432660,40923,420297,473583
202011,5호선,강동,423052,84124,393631,79205,507176,472836
202010,5호선,강동,402699,83799,371268,79436,486498,450704
202009,5호선,강동,357668,70729,327282,67326,428397,394608
202008,5호선,강동,389017,76288,348676,71775,465305,420451
202007,5호선,강동,493546,92208,425812,85751,585754,511563
202011,8호선,강동구청,212072,51641,219890,52240,263713,272130
202010,8호선,강동구청,203332,51022,209657,51568,254354,261225
202009,8호선,강동구청,181807,44191,190380,44841,225998,235221
202008,8호선,강동구청,190566,45331,198670,45661,235897,244331
202007,8호선,강동구청,228052,53521,237229,54452,281573,291681
202011,경의선,강매,63358,14634,52804,14076,77992,66880
202010,경의선,강매,62380,15494,52019,14820,77874,66839
202009,경의선,강매,53319,13407,44449,12801,66726,57250
202008,경의선,강매,53809,12508,44708,12109,66317,56817
202007,경의선,강매,66238,15162,54451,14502,81400,68953
202011,2호선,강변(동서울터미널),755109,98010,757373,96939,853119,854312
202010,2호선,강변(동서울터미널),769026,102892,743680,101860,871918,845540
202009,2호선,강변(동서울터미널),611091,81944,625203,80915,693035,706118
202008,2호선,강변(동서울터미널),720750,89040,721532,87252,809790,808784
202007,2호선,강변(동서울터미널),860119,105763,857117,103150,965882,960267
202011,경춘선,강촌,10030,3831,9671,3969,13861,13640
202010,경춘선,강촌,13982,6218,12527,6404,20200,18931
202009,경춘선,강촌,7867,4272,7568,4409,12139,11977
202008,경춘선,강촌,10328,3556,8892,3716,13884,12608
202007,경춘선,강촌,13572,5114,11762,5337,18686,17099
202011,5호선,개롱,129824,37267,135090,38757,167091,173847
202010,5호선,개롱,127046,36395,130286,37782,163441,168068
202009,5호선,개롱,107500,30562,111978,31863,138062,143841
202008,5호선,개롱,115749,32479,121588,33664,148228,155252
202007,5호선,개롱,139339,37418,143369,38165,176757,181534
202011,경인선,개봉,449075,126593,452220,132517,575668,584737
202010,경인선,개봉,445218,129378,442399,135055,574596,577454
202009,경인선,개봉,386419,111138,390711,116276,497557,506987
202008,경인선,개봉,401194,111449,399731,116185,512643,515916
202007,경인선,개봉,474278,130202,471400,135681,604480,607081
202011,분당선,개포동,76589,19052,78006,19150,95641,97156
202010,분당선,개포동,71998,17855,73055,18037,89853,91092
202009,분당선,개포동,58788,14351,61232,14449,73139,75681
202008,분당선,개포동,65459,15668,68298,16108,81127,84406
202007,분당선,개포동,81372,19536,83900,19985,100908,103885
202011,9호선,개화,54710,11014,39148,9065,65724,48213
202010,9호선,개화,53777,12633,39310,10710,66410,50020
202009,9호선,개화,48262,10524,35542,8942,58786,44484
202008,9호선,개화,48491,10627,35642,9041,59118,44683
202007,9호선,개화,55626,12463,40251,10432,68089,50683
202011,5호선,개화산,103542,29737,96992,29263,133279,126255
202010,5호선,개화산,103339,30472,96742,30173,133811,126915
202009,5호선,개화산,90541,26533,85781,26862,117074,112643
202008,5호선,개화산,95203,26435,89712,26245,121638,115957
202007,5호선,개화산,111965,31272,104945,31135,143237,136080
202011,5호선,거여,161644,45335,150918,44419,206979,195337
202010,5호선,거여,154710,45191,144354,44473,199901,188827
202009,5호선,거여,136337,39734,127772,39062,176071,166834
202008,5호선,거여,140130,40680,130897,40131,180810,171028
202007,5호선,거여,168608,46820,156870,46179,215428,203049
202011,2호선,건대입구(2호선),854644,75583,931533,78360,930227,1009893
202010,2호선,건대입구(2호선),854490,77091,950677,79690,931581,1030367
202009,2호선,건대입구(2호선),685525,65132,746414,67688,750657,814102
202008,2호선,건대입구(2호선),780809,65701,859828,68979,846510,928807
202007,2호선,건대입구(2호선),946214,78039,1050904,81110,1024253,1132014
202011,7호선,건대입구(7호선),283577,42162,304188,37614,325739,341802
202010,7호선,건대입구(7호선),279713,41921,302417,38192,321634,340609
202009,7호선,건대입구(7호선),240763,36345,251832,32347,277108,284179
202008,7호선,건대입구(7호선),262764,38794,278366,34551,301558,312917
202007,7호선,건대입구(7호선),306877,44759,334150,40600,351636,374750
202011,공항철도 1호선,검암,171428,14965,167354,15013,186393,182367
202010,공항철도 1호선,검암,171661,16391,168758,16895,188052,185653
202009,공항철도 1호선,검암,147686,13311,146458,13559,160997,160017
202008,공항철도 1호선,검암,155457,13363,152313,13406,168820,165719
202007,공항철도 1호선,검암,185319,15763,180223,15768,201082,195991
202011,경강선,경기광주,159103,22337,149289,23007,181440,172296
202010,경강선,경기광주,157383,23246,146863,23467,180629,170330
202009,경강선,경기광주,132896,19726,126022,20404,152622,146426
202008,경강선,경기광주,140041,19352,131342,19917,159393,151259
202007,경강선,경기광주,171533,23887,159696,24153,195420,183849
202011,과천선,경마공원,41846,18429,41445,17645,60275,59090
202010,과천선,경마공원,24853,9063,24504,8673,33916,33177
202009,과천선,경마공원,19971,6563,19915,6521,26534,26436
202008,과천선,경마공원,23330,6390,23075,6189,29720,29264
202007,과천선,경마공원,28138,8564,28355,8552,36702,36907
202011,3호선,경복궁(정부서울청사),443671,70318,449717,69316,513989,519033
202010,3호선,경복궁(정부서울청사),424003,65322,432637,62426,489325,495063
202009,3호선,경복궁(정부서울청사),329665,50863,328044,47450,380528,375494
202008,3호선,경복궁(정부서울청사),356519,61131,354489,57652,417650,412141
202007,3호선,경복궁(정부서울청사),448691,67590,453376,64250,516281,517626
202011,3호선,경찰병원,155480,34210,154356,35043,189690,189399
202010,3호선,경찰병원,148735,34277,147910,35131,183012,183041
202009,3호선,경찰병원,133226,29704,131690,30435,162930,162125
202008,3호선,경찰병원,141207,31187,140298,32089,172394,172387
202007,3호선,경찰병원,171555,37418,169684,38296,208973,207980
202011,공항철도 1호선,계양,224614,21145,203478,19732,245759,223210
202010,공항철도 1호선,계양,222332,23108,199870,21234,245440,221104
202009,공항철도 1호선,계양,188788,18415,174201,17302,207203,191503
202008,공항철도 1호선,계양,199331,18461,183330,17487,217792,200817
202007,공항철도 1호선,계양,234989,22086,213068,20920,257075,233988
202011,5호선,고덕,182159,47165,176415,46758,229324,223173
202010,5호선,고덕,175920,46267,169595,45763,222187,215358
202009,5호선,고덕,150437,38968,147815,38659,189405,186474
202008,5호선,고덕,158179,39971,156250,39618,198150,195868
202007,5호선,고덕,192245,46861,190776,47451,239106,238227
202011,6호선,고려대(종암),173271,27664,165235,28053,200935,193288
202010,6호선,고려대(종암),172194,28019,164097,28436,200213,192533
202009,6호선,고려대(종암),152238,24167,144401,24308,176405,168709
202008,6호선,고려대(종암),154785,23796,146953,24118,178581,171071
202007,6호선,고려대(종암),187664,28714,176998,29014,216378,206012
202011,수인선,고색,65897,9766,64116,9032,75663,73148
202010,수인선,고색,59144,10387,58042,9850,69531,67892
202009,수인선,고색,29462,5957,29869,5855,35419,35724
202011,3호선,고속터미널(3호선),1001968,132651,1002858,126911,1134619,1129769
202010,3호선,고속터미널(3호선),1037161,135138,1000447,129822,1172299,1130269
202009,3호선,고속터미널(3호선),783391,106977,820278,102678,890368,922956
202008,3호선,고속터미널(3호선),969683,121205,967097,115707,1090888,1082804
202007,3호선,고속터미널(3호선),1124153,143264,1113763,136545,1267417,1250308
202011,7호선,고속터미널(7호선),374261,59121,307450,51535,433382,358985
202010,7호선,고속터미널(7호선),376148,58526,295972,50633,434674,346605
202009,7호선,고속터미널(7호선),282684,46041,248643,40482,328725,289125
202008,7호선,고속터미널(7호선),347990,50186,278722,43270,398176,321992
202007,7호선,고속터미널(7호선),386739,57596,321315,50565,444335,371880
202011,9호선,고속터미널(9호선),271020,43118,367610,49287,314138,416897
202010,9호선,고속터미널(9호선),279694,44133,366456,50395,323827,416851
202009,9호선,고속터미널(9호선),215759,35050,294445,40020,250809,334465
202008,9호선,고속터미널(9호선),254528,38603,350178,44412,293131,394590
202007,9호선,고속터미널(9호선),305853,45681,415030,52651,351534,467681
202011,안산선,고잔,194314,28508,189008,27541,222822,216549
202010,안산선,고잔,192372,30025,181874,28463,222397,210337
202009,안산선,고잔,160121,24650,154863,23705,184771,178568
202008,안산선,고잔,158565,23586,153735,22676,182151,176411
202007,안산선,고잔,187886,28783,184082,27322,216669,211404
202011,경의선,곡산,10785,4362,11375,4398,15147,15773
202010,경의선,곡산,11098,5058,11798,5007,16156,16805
202009,경의선,곡산,9214,3791,9746,3839,13005,13585
202008,경의선,곡산,9292,3861,9471,3790,13153,13261
202007,경의선,곡산,11219,4649,12036,4686,15868,16722
202011,경강선,곤지암,51772,10547,51493,10868,62319,62361
202010,경강선,곤지암,51293,11347,51814,11811,62640,63625
202009,경강선,곤지암,37829,8434,39098,8875,46263,47973
202008,경강선,곤지암,37630,8209,37987,8509,45839,46496
202007,경강선,곤지암,47832,9992,47320,10354,57824,57674
202011,공항철도 1호선,공덕(공항철도),49398,5870,65770,6924,55268,72694
202010,공항철도 1호선,공덕(공항철도),47972,5591,63632,6526,53563,70158
202009,공항철도 1호선,공덕(공항철도),41456,4736,52138,5393,46192,57531
202008,공항철도 1호선,공덕(공항철도),45003,4972,57928,5909,49975,63837
202007,공항철도 1호선,공덕(공항철도),52553,5815,69620,6786,58368,76406
202011,5호선,공덕(5호선),315027,36366,340442,34430,351393,374872
202010,5호선,공덕(5호선),296198,36339,320119,34252,332537,354371
202009,5호선,공덕(5호선),259556,30395,281084,28544,289951,309628
202008,5호선,공덕(5호선),271216,31597,293221,29977,302813,323198
202007,5호선,공덕(5호선),339102,38424,369014,36447,377526,405461
202011,6호선,공덕(6호선),397897,61885,386485,57469,459782,443954
202010,6호선,공덕(6호선),377763,61410,370810,57888,439173,428698
202009,6호선,공덕(6호선),337892,53540,329747,50185,391432,379932
202008,6호선,공덕(6호선),351332,53814,344322,50796,405146,395118
202007,6호선,공덕(6호선),430153,65896,420799,61669,496049,482468
202011,경의선,공덕(경의선),76495,11244,67241,10851,87739,78092
202010,경의선,공덕(경의선),74102,11454,65199,11205,85556,76404
202009,경의선,공덕(경의선),61920,9482,56065,9286,71402,65351
202008,경의선,공덕(경의선),67264,9924,58564,9504,77188,68068
202007,경의선,공덕(경의선),80330,11882,72192,11613,92212,83805
202011,7호선,공릉(서울과학기술대),254218,56201,251400,56768,310419,308168
202010,7호선,공릉(서울과학기술대),253299,57424,251171,57958,310723,309129
202009,7호선,공릉(서울과학기술대),211217,49981,209030,50194,261198,259224
202008,7호선,공릉(서울과학기술대),224704,51085,223186,51556,275789,274742
202007,7호선,공릉(서울과학기술대),269043,59369,267217,60092,328412,327309
202011,9호선,공항시장,53651,19420,58919,21070,73071,79989
202010,9호선,공항시장,52790,19807,56649,21364,72597,78013
202009,9호선,공항시장,47161,17590,51442,19183,64751,70625
202008,9호선,공항시장,51166,18232,55547,19866,69398,75413
202007,9호선,공항시장,58263,20542,62421,22191,78805,84612
202011,공항철도 1호선,공항화물청사,49292,7449,54321,7305,56741,61626
202010,공항철도 1호선,공항화물청사,48096,7592,52949,7584,55688,60533
202009,공항철도 1호선,공항화물청사,47287,7398,52689,7494,54685,60183
202008,공항철도 1호선,공항화물청사,47293,7296,52394,7259,54589,59653
202007,공항철도 1호선,공항화물청사,53646,8109,59251,8110,61755,67361
202011,과천선,과천,102308,28948,90725,27898,131256,118623
202010,과천선,과천,101821,29253,88289,27681,131074,115970
202009,과천선,과천,87920,24474,76911,23367,112394,100278
202008,과천선,과천,89850,24533,79558,23525,114383,103083
202007,과천선,과천,111073,29550,97596,28121,140623,125717
202011,경부선,관악,155162,42723,141272,40281,197885,181553
202010,경부선,관악,153331,45052,137619,42235,198383,179854
202009,경부선,관악,132547,37661,121637,35699,170208,157336
202008,경부선,관악,134108,36349,123957,35024,170457,158981
202007,경부선,관악,165945,44260,151568,41895,210205,193463
202011,5호선,광나루(장신대),286485,55862,259424,53898,342347,313322
202010,5호선,광나루(장신대),281762,58770,255791,56905,340532,312696
202009,5호선,광나루(장신대),240052,48919,217627,47102,288971,264729
202008,5호선,광나루(장신대),246204,46505,220675,43849,292709,264524
202007,5호선,광나루(장신대),304295,58523,272652,55861,362818,328513
202011,경부선,광명,77748,6513,63556,6133,84261,69689
202010,경부선,광명,75432,6753,62062,6310,82185,68372
202009,경부선,광명,60936,5722,53631,5430,66658,59061
202008,경부선,광명,69938,5739,57889,5295,75677,63184
202007,경부선,광명,80904,6576,67222,6124,87480,73346
202011,7호선,광명사거리,475704,123806,463255,127230,599510,590485
202010,7호선,광명사거리,470411,124133,459794,127446,594544,587240
202009,7호선,광명사거리,429769,116589,421290,120961,546358,542251
202008,7호선,광명사거리,441953,114080,430575,117331,556033,547906
202007,7호선,광명사거리,521638,128934,504248,132384,650572,636632
202011,경원선,광운대,181390,44431,174134,43356,225821,217490
202010,경원선,광운대,173762,45382,166730,44195,219144,210925
202009,경원선,광운대,142114,41248,133418,40055,183362,173473
202008,경원선,광운대,143732,40000,139062,39723,183732,178785
202007,경원선,광운대,178878,46903,167702,46147,225781,213849
202011,5호선,광화문(세종문화회관),706524,59487,742886,57488,766011,800374
202010,5호선,광화문(세종문화회관),654622,56536,690214,54740,711158,744954
202009,5호선,광화문(세종문화회관),545517,46478,571217,44278,591995,615495
202008,5호선,광화문(세종문화회관),617778,66624,657843,64475,684402,722318
202007,5호선,광화문(세종문화회관),789567,70715,839141,69403,860282,908544
202011,6호선,광흥창(서강),184009,39100,177057,38395,223109,215452
202010,6호선,광흥창(서강),176409,37395,168038,36750,213804,204788
202009,6호선,광흥창(서강),157896,31051,150594,30578,188947,181172
202008,6호선,광흥창(서강),168360,33245,160803,32396,201605,193199
202007,6호선,광흥창(서강),200795,38802,191746,38126,239597,229872
202011,3호선,교대(법원.검찰청) 3호선,298492,55695,198682,34413,354187,233095
202010,3호선,교대(법원.검찰청) 3호선,280562,53583,186935,32941,334145,219876
202009,3호선,교대(법원.검찰청) 3호선,243449,44334,161341,27546,287783,188887
202008,3호선,교대(법원.검찰청) 3호선,262746,47009,175281,29272,309755,204553
202007,3호선,교대(법원.검찰청) 3호선,330589,60398,222522,36747,390987,259269
202011,2호선,교대(법원.검찰청) 2호선,723089,128237,816436,142660,851326,959096
202010,2호선,교대(법원.검찰청) 2호선,681434,121843,774106,136410,803277,910516
202009,2호선,교대(법원.검찰청) 2호선,603592,103397,681203,113899,706989,795102
202008,2호선,교대(법원.검찰청) 2호선,657771,109780,740294,122035,767551,862329
202007,2호선,교대(법원.검찰청) 2호선,807591,138178,915034,154787,945769,1069821
202011,경부선,구로,423925,79626,440430,77540,503551,517970
202010,경부선,구로,415003,79994,432966,77717,494997,510683
202009,경부선,구로,373629,71853,383799,69703,445482,453502
202008,경부선,구로,354299,66075,364823,63752,420374,428575
202007,경부선,구로,417533,77755,430060,74925,495288,504985
202011,2호선,구로디지털단지,1418737,137282,1418268,139421,1556019,1557689
202010,2호선,구로디지털단지,1366317,138370,1363215,139983,1504687,1503198
202009,2호선,구로디지털단지,1216483,116839,1212858,118547,1333322,1331405
202008,2호선,구로디지털단지,1285578,125454,1285885,126835,1411032,1412720
202007,2호선,구로디지털단지,1528559,142769,1520866,144492,1671328,1665358
202011,분당선,구룡,37186,11813,36333,11841,48999,48174
202010,분당선,구룡,34716,11526,33664,11455,46242,45119
202009,분당선,구룡,27977,9058,27249,9011,37035,36260
202008,분당선,구룡,27584,9258,26849,9054,36842,35903
202007,분당선,구룡,34768,11300,33535,10832,46068,44367
202011,중앙선,구리,285850,68660,289256,68760,354510,358016
202010,중앙선,구리,286263,72777,289560,73014,359040,362574
202009,중앙선,구리,242857,60577,246918,61012,303434,307930
202008,중앙선,구리,255505,59785,258797,61074,315290,319871
202007,중앙선,구리,308572,73685,310763,74778,382257,385541
202011,9호선,구반포,53630,18088,56273,18417,71718,74690
202010,9호선,구반포,51765,17276,54140,17629,69041,71769
202009,9호선,구반포,43219,14357,44918,14547,57576,59465
202008,9호선,구반포,50961,15647,52492,15993,66608,68485
202007,9호선,구반포,57982,18482,61576,18797,76464,80373
202011,6호선,구산,149496,36982,101947,42006,186478,143953
202010,6호선,구산,147669,38119,99384,43059,185788,142443
202009,6호선,구산,128435,33082,86898,37189,161517,124087
202008,6호선,구산,135314,33829,93538,38421,169143,131959
202007,6호선,구산,162539,40096,109959,45080,202635,155039
202011,분당선,구성,96614,28469,100134,29162,125083,129296
202010,분당선,구성,94923,29861,97779,30067,124784,127846
202009,분당선,구성,80346,23397,83935,23548,103743,107483
202008,분당선,구성,82999,23342,86103,23762,106341,109865
202007,분당선,구성,104742,29503,107167,29428,134245,136595
202011,2호선,구의(광진구청),514889,85263,498996,87241,600152,586237
202010,2호선,구의(광진구청),500459,85152,482716,86528,585611,569244
202009,2호선,구의(광진구청),448296,74006,433768,75494,522302,509262
202008,2호선,구의(광진구청),478828,77177,462899,79226,556005,542125
202007,2호선,구의(광진구청),569347,90445,545220,92715,659792,637935
202011,경인선,구일,161976,35818,175110,36024,197794,211134
202010,경인선,구일,136994,35991,139602,35804,172985,175406
202009,경인선,구일,109599,30188,111935,30260,139787,142195
202008,경인선,구일,118590,30048,122087,30104,148638,152191
202007,경인선,구일,140641,35225,142889,35298,175866,178187
202011,3호선,구파발,444767,95441,422572,90369,540208,512941
202010,3호선,구파발,449065,99679,430114,95804,548744,525918
202009,3호선,구파발,382568,83550,365068,79716,466118,444784
202008,3호선,구파발,402336,83240,383057,79728,485576,462785
202007,3호선,구파발,494637,102106,468886,97804,596743,566690
202011,중앙선,국수,12222,7641,11853,7697,19863,19550
202010,중앙선,국수,13640,8957,12882,9050,22597,21932
202009,중앙선,국수,10579,6980,10201,7139,17559,17340
202008,중앙선,국수,9874,6338,9591,6406,16212,15997
202007,중앙선,국수,13825,8584,12944,8598,22409,21542
202011,9호선,국회의사당,347830,40701,355284,35487,388531,390771
202010,9호선,국회의사당,313161,36047,324989,31634,349208,356623
202009,9호선,국회의사당,286370,28592,293634,24834,314962,318468
202008,9호선,국회의사당,315995,34598,324261,29956,350593,354217
202007,9호선,국회의사당,376205,43446,384456,37902,419651,422358
202011,5호선,군자(능동) 5호선,250181,32617,275642,33584,282798,309226
202010,5호선,군자(능동) 5호선,246494,33197,271901,34234,279691,306135
202009,5호선,군자(능동) 5호선,219606,28207,237743,28170,247813,265913
202008,5호선,군자(능동) 5호선,226620,28539,248395,29375,255159,277770
202007,5호선,군자(능동) 5호선,266398,34411,295683,35605,300809,331288
202011,7호선,군자(능동) 7호선,314398,59846,242266,52420,374244,294686
202010,7호선,군자(능동) 7호선,305704,60668,234188,53158,366372,287346
202009,7호선,군자(능동) 7호선,273429,51904,211512,46593,325333,258105
202008,7호선,군자(능동) 7호선,286941,54362,221895,47697,341303,269592
202007,7호선,군자(능동) 7호선,338001,64199,259765,56366,402200,316131
202011,경부선,군포,160350,30469,158623,29806,190819,188429
202010,경부선,군포,159799,30780,156741,29909,190579,186650
202009,경부선,군포,146644,27941,144854,27189,174585,172043
202008,경부선,군포,140407,27478,137421,26860,167885,164281
202007,경부선,군포,164931,30975,160865,30160,195906,191025
202011,경춘선,굴봉산,1750,1728,1586,1782,3478,3368
202010,경춘선,굴봉산,2725,2758,2710,2805,5483,5515
202009,경춘선,굴봉산,1880,2130,1892,2158,4010,4050
202008,경춘선,굴봉산,2335,1871,1883,1889,4206,3772
202007,경춘선,굴봉산,2980,2279,2525,2444,5259,4969
202011,7호선,굴포천,196414,27422,205685,28084,223836,233769
202010,7호선,굴포천,192497,28119,199871,28531,220616,228402
202009,7호선,굴포천,169377,24543,177566,24955,193920,202521
202008,7호선,굴포천,177868,25861,186655,26425,203729,213080
202007,7호선,굴포천,208392,29130,216480,29881,237522,246361
202011,5호선,굽은다리(강동구민회관앞),188892,54490,178680,50867,243382,229547
202010,5호선,굽은다리(강동구민회관앞),182922,54518,171253,50878,237440,222131
202009,5호선,굽은다리(강동구민회관앞),160724,46183,151955,42948,206907,194903
202008,5호선,굽은다리(강동구민회관앞),170215,48900,162166,45952,219115,208118
202007,5호선,굽은다리(강동구민회관앞),197351,55531,185433,51731,252882,237164
202011,경춘선,금곡,26232,12644,24708,12204,38876,36912
202010,경춘선,금곡,26338,13656,24964,13330,39994,38294
202009,경춘선,금곡,23246,12068,21942,11655,35314,33597
202008,경춘선,금곡,23232,11391,21494,10895,34623,32389
202007,경춘선,금곡,27576,13582,25920,13150,41158,39070
202011,경의선,금릉,94331,20424,91714,20059,114755,111773
202010,경의선,금릉,95350,21481,93234,21151,116831,114385
202009,경의선,금릉,76157,18231,75324,18094,94388,93418
202008,경의선,금릉,79601,17640,78273,17487,97241,95760
202007,경의선,금릉,103451,22564,101590,22409,126015,123999
202011,경부선,금정,581742,90338,594541,92219,672080,686760
202010,경부선,금정,568089,92530,576765,94620,660619,671385
202009,경부선,금정,501207,78221,513786,80510,579428,594296
202008,경부선,금정,513269,77986,524506,79681,591255,604187
202007,경부선,금정,614038,91581,625820,92780,705619,718600
202011,경부선,금천구청,243825,64891,238499,65891,308716,304390
202010,경부선,금천구청,237781,66451,231532,66965,304232,298497
202009,경부선,금천구청,206598,56200,203322,56701,262798,260023
202008,경부선,금천구청,208197,54906,204259,56403,263103,260662
202007,경부선,금천구청,251645,65842,243545,66663,317487,310208
202011,경의선,금촌,131168,36379,129640,37435,167547,167075
202010,경의선,금촌,135756,37647,132811,38289,173403,171100
202009,경의선,금촌,111274,31723,110110,32476,142997,142586
202008,경의선,금촌,116219,31078,114531,31436,147297,145967
202007,경의선,금촌,144234,38543,140728,39241,182777,179969
202011,3호선,금호,169952,44585,155271,43604,214537,198875
202010,3호선,금호,166015,46320,149820,45239,212335,195059
202009,3호선,금호,145306,40224,132872,39290,185530,172162
202008,3호선,금호,154755,40498,140480,39719,195253,180199
202007,3호선,금호,186053,46684,167340,46100,232737,213440
202011,분당선,기흥,211576,32860,201334,32564,244436,233898
202010,분당선,기흥,208378,33609,195261,33543,241987,228804
202009,분당선,기흥,173179,27813,164740,27660,200992,192400
202008,분당선,기흥,183306,28061,173909,28197,211367,202106
202007,분당선,기흥,226946,34241,210975,34131,261187,245106
202011,5호선,길동,147102,54049,153349,56187,201151,209536
202010,5호선,길동,140816,53023,146160,54532,193839,200692
202009,5호선,길동,124789,46959,130304,48751,171748,179055
202008,5호선,길동,133557,48005,138977,49751,181562,188728
202007,5호선,길동,151804,55365,158466,57268,207169,215734
202011,4호선,길음,436137,93180,419167,92785,529317,511952
202010,4호선,길음,425482,94379,404716,94068,519861,498784
202009,4호선,길음,366223,80532,350871,80807,446755,431678
202008,4호선,길음,379967,80957,357080,81069,460924,438149
202007,4호선,길음,469022,96642,440734,96496,565664,537230
202011,경춘선,김유정,5505,2923,6359,3211,8428,9570
202010,경춘선,김유정,8330,4541,9592,4890,12871,14482
202009,경춘선,김유정,4811,2660,5677,2920,7471,8597
202008,경춘선,김유정,4934,2399,5272,2407,7333,7679
202007,경춘선,김유정,6448,3353,7268,3566,9801,10834
202011,공항철도 1호선,김포공항(공항철도),301497,19268,169301,12768,320765,182069
202010,공항철도 1호선,김포공항(공항철도),292066,18664,163850,12544,310730,176394
202009,공항철도 1호선,김포공항(공항철도),208899,13348,128304,9431,222247,137735
202008,공항철도 1호선,김포공항(공항철도),270393,15353,156605,10555,285746,167160
202007,공항철도 1호선,김포공항(공항철도),273522,16645,161561,11322,290167,172883
202011,5호선,김포공항(5호선),170603,24880,166461,26803,195483,193264
202010,5호선,김포공항(5호선),172287,24625,165667,27203,196912,192870
202009,5호선,김포공항(5호선),129129,20834,129013,22599,149963,151612
202008,5호선,김포공항(5호선),163300,23980,157051,25792,187280,182843
202007,5호선,김포공항(5호선),167573,25386,161032,27805,192959,188837
202011,9호선,김포공항(9호선),206851,16014,305603,19021,222865,324624
202010,9호선,김포공항(9호선),205854,15548,290498,18547,221402,309045
202009,9호선,김포공항(9호선),153075,12122,224445,14150,165197,238595
202008,9호선,김포공항(9호선),195987,14244,279004,16478,210231,295482
202007,9호선,김포공항(9호선),205862,15313,291319,17391,221175,308710
202011,5호선,까치산,627576,126693,589798,128185,754269,717983
202010,5호선,까치산,621172,130594,581440,131390,751766,712830
202009,5호선,까치산,557703,115607,525407,117597,673310,643004
202008,5호선,까치산,579587,117671,544769,118698,697258,663467
202007,5호선,까치산,677684,134815,628657,135753,812499,764410
202011,7호선,까치울,173525,23576,164892,23765,197101,188657
202010,7호선,까치울,172866,26080,163727,26447,198946,190174
202009,7호선,까치울,150755,20653,145108,20906,171408,166014
202008,7호선,까치울,154919,20287,147299,20655,175206,167954
202007,7호선,까치울,185047,24952,175955,25423,209999,201378
202011,2호선,낙성대(강감찬),636704,88522,606326,90319,725226,696645
202010,2호선,낙성대(강감찬),624856,89549,593016,91050,714405,684066
202009,2호선,낙성대(강감찬),555860,77880,523098,78956,633740,602054
202008,2호선,낙성대(강감찬),591554,79460,559626,80822,671014,640448
202007,2호선,낙성대(강감찬),697411,90983,653786,92488,788394,746274
202011,7호선,남구로,356197,49795,382057,49409,405992,431466
202010,7호선,남구로,341541,49661,364466,49683,391202,414149
202009,7호선,남구로,323909,44750,345316,44881,368659,390197
202008,7호선,남구로,324945,45563,343566,45519,370508,389085
202007,7호선,남구로,371122,50822,394190,51326,421944,445516
202011,수인선,남동인더스파크,50212,6047,55621,6069,56259,61690
202010,수인선,남동인더스파크,47330,5970,52081,5923,53300,58004
202009,수인선,남동인더스파크,44808,5618,49522,5607,50426,55129
202008,수인선,남동인더스파크,42721,5134,46517,5167,47855,51684
202007,수인선,남동인더스파크,49133,5942,53934,5800,55075,59734
202011,3호선,남부터미널(예술의전당),666894,96291,687998,97155,763185,785153
202010,3호선,남부터미널(예술의전당),638483,95001,649343,96199,733484,745542
202009,3호선,남부터미널(예술의전당),538176,78688,564092,79395,616864,643487
202008,3호선,남부터미널(예술의전당),608618,82834,628887,83066,691452,711953
202007,3호선,남부터미널(예술의전당),731902,99262,754445,100480,831164,854925
202011,7호선,남성,239339,56656,215700,56116,295995,271816
202010,7호선,남성,233417,56415,209320,55755,289832,265075
202009,7호선,남성,209359,48929,190209,48736,258288,238945
202008,7호선,남성,217325,50737,197023,50450,268062,247473
202007,7호선,남성,254688,57627,226406,57303,312315,283709
202011,경부선,남영,220044,30818,231855,32010,250862,263865
202010,경부선,남영,211884,31652,222009,32988,243536,254997
202009,경부선,남영,183112,27952,191337,29212,211064,220549
202008,경부선,남영,190498,27349,198082,28712,217847,226794
202007,경부선,남영,235913,31963,244885,34107,267876,278992
202011,경춘선,남춘천,47179,17128,48164,17816,64307,65980
202010,경춘선,남춘천,50593,20678,51337,21637,71271,72974
202009,경춘선,남춘천,38847,15220,40036,15327,54067,55363
202008,경춘선,남춘천,42926,16372,45194,16907,59298,62101
202007,경춘선,남춘천,51587,20339,53329,21352,71926,74681
202011,4호선,남태령,24255,7073,19607,6583,31328,26190
202010,4호선,남태령,24047,7331,19204,6799,31378,26003
202009,4호선,남태령,19751,6280,16321,5961,26031,22282
202008,4호선,남태령,20558,6327,17434,5832,26885,23266
202007,4호선,남태령,25621,7352,21147,6914,32973,28061
202011,8호선,남한산성입구(성남법원.검찰청),298899,65393,272448,62551,364292,334999
202010,8호선,남한산성입구(성남법원.검찰청),290451,67898,260742,64663,358349,325405
202009,8호선,남한산성입구(성남법원.검찰청),245110,60228,219861,58073,305338,277934
202008,8호선,남한산성입구(성남법원.검찰청),248558,57413,219526,55515,305971,275041
202007,8호선,남한산성입구(성남법원.검찰청),304189,66811,268295,63872,371000,332167
202011,7호선,내방,306389,53222,313258,51681,359611,364939
202010,7호선,내방,292597,53256,299008,51250,345853,350258
202009,7호선,내방,270521,47880,274730,45851,318401,320581
202008,7호선,내방,283409,49247,288062,47725,332656,335787
202007,7호선,내방,327522,56707,336118,55079,384229,391197
202011,9호선,노들,89531,25963,75618,24043,115494,99661
202010,9호선,노들,88465,26130,73953,24133,114595,98086
202009,9호선,노들,77684,22802,65207,20874,100486,86081
202008,9호선,노들,86113,23375,70749,21528,109488,92277
202007,9호선,노들,98488,27108,81270,25005,125596,106275
202011,경부선,노량진(1호선),216713,33553,223329,32267,250266,255596
202010,경부선,노량진(1호선),218991,35067,221302,32988,254058,254290
202009,경부선,노량진(1호선),161190,28389,162867,27427,189579,190294
202008,경부선,노량진(1호선),181935,22210,175744,20043,204145,195787
202007,경부선,노량진(1호선),234607,27246,222950,24724,261853,247674
202011,9호선,노량진(9호선),604519,74741,602740,75785,679260,678525
202010,9호선,노량진(9호선),593887,75340,595937,76810,669227,672747
202009,9호선,노량진(9호선),464306,69187,455310,69707,533493,525017
202008,9호선,노량진(9호선),560029,65039,558742,66108,625068,624850
202007,9호선,노량진(9호선),700008,77587,701637,78726,777595,780363
202011,4호선,노원(4호선),431810,73495,495256,72219,505305,567475
202010,4호선,노원(4호선),427590,74232,495544,73416,501822,568960
202009,4호선,노원(4호선),357281,62055,409626,61080,419336,470706
202008,4호선,노원(4호선),395547,65405,454037,63855,460952,517892
202007,4호선,노원(4호선),478487,78266,555240,77209,556753,632449
202011,7호선,노원(7호선),405390,92261,436139,93248,497651,529387
202010,7호선,노원(7호선),402328,95239,438579,95790,497567,534369
202009,7호선,노원(7호선),341368,83056,366889,84579,424424,451468
202008,7호선,노원(7호선),387589,86990,417885,87650,474579,505535
202007,7호선,노원(7호선),456568,103289,494290,103627,559857,597917
202011,3호선,녹번,321639,61497,285970,60839,383136,346809
202010,3호선,녹번,312060,61668,272412,60852,373728,333264
202009,3호선,녹번,274743,54519,242196,53825,329262,296021
202008,3호선,녹번,284973,54655,248434,53794,339628,302228
202007,3호선,녹번,339234,64107,293202,62711,403341,355913
202011,6호선,녹사평(용산구청),108000,15705,109283,15280,123705,124563
202010,6호선,녹사평(용산구청),114313,15969,118672,15287,130282,133959
202009,6호선,녹사평(용산구청),95294,14027,94869,13299,109321,108168
202008,6호선,녹사평(용산구청),98603,14001,98273,13134,112604,111407
202007,6호선,녹사평(용산구청),117238,16028,118631,15354,133266,133985
202011,경원선,녹양,91458,29399,86546,28549,120857,115095
202010,경원선,녹양,90616,31425,85754,30658,122041,116412
202009,경원선,녹양,77734,27170,74738,26392,104904,101130
202008,경원선,녹양,79284,26449,75245,25386,105733,100631
202007,경원선,녹양,96757,30361,91154,29150,127118,120304
202011,경원선,녹천,91606,32859,73839,29725,124465,103564
202010,경원선,녹천,88991,33484,71725,30389,122475,102114
202009,경원선,녹천,78910,29457,64611,26872,108367,91483
202008,경원선,녹천,79177,28257,65598,25672,107434,91270
202007,경원선,녹천,97342,34012,78513,31134,131354,109647
202011,7호선,논현,458597,43132,509150,42743,501729,551893
202010,7호선,논현,440134,42554,490634,42446,482688,533080
202009,7호선,논현,394979,38110,431983,37606,433089,469589
202008,7호선,논현,410149,38806,456274,38635,448955,494909
202007,7호선,논현,490925,45320,550705,44753,536245,595458
202011,경의선,능곡,72391,24677,63919,24305,97068,88224
202010,경의선,능곡,72234,26193,64190,25646,98427,89836
202009,경의선,능곡,61428,22742,54829,22268,84170,77097
202008,경의선,능곡,63570,22194,56652,21904,85764,78556
202007,경의선,능곡,76525,26467,67610,26301,102992,93911
202011,8호선,단대오거리,210684,55714,197848,53677,266398,251525
202010,8호선,단대오거리,202368,55832,188016,53549,258200,241565
202009,8호선,단대오거리,176048,50428,166678,48197,226476,214875
202008,8호선,단대오거리,182243,49655,172951,47631,231898,220582
202007,8호선,단대오거리,221202,56855,206009,54669,278057,260678
202011,수인선,달월,1325,808,1105,528,2133,1633
202010,수인선,달월,1383,878,1255,642,2261,1897
202009,수인선,달월,1229,865,982,656,2094,1638
202008,수인선,달월,1074,699,822,499,1773,1321
202007,수인선,달월,1387,767,1030,554,2154,1584
202011,5호선,답십리,341242,66347,307280,64415,407589,371695
202010,5호선,답십리,330363,67301,296898,64885,397664,361783
202009,5호선,답십리,297650,57260,268503,55712,354910,324215
202008,5호선,답십리,308978,59668,278192,58284,368646,336476
202007,5호선,답십리,367268,69277,326952,66945,436545,393897
202011,4호선,당고개,258825,74748,229196,73346,333573,302542
202010,4호선,당고개,257799,79232,227325,78248,337031,305573
202009,4호선,당고개,225706,68733,202925,68511,294439,271436
202008,4호선,당고개,231508,69283,207103,69036,300791,276139
202007,4호선,당고개,276119,82392,245915,81661,358511,327576
202011,2호선,당산(2호선),442974,48526,514235,53117,491500,567352
202010,2호선,당산(2호선),437400,51504,503398,55817,488904,559215
202009,2호선,당산(2호선),378259,43990,436689,48020,422249,484709
202008,2호선,당산(2호선),390629,44579,453119,48819,435208,501938
202007,2호선,당산(2호선),484019,54589,560237,59578,538608,619815
202011,9호선,당산(9호선),408839,52046,405650,47218,460885,452868
202010,9호선,당산(9호선),395901,51579,393578,46940,447480,440518
202009,9호선,당산(9호선),345741,44649,340572,40623,390390,381195
202008,9호선,당산(9호선),376695,48392,372567,44175,425087,416742
202007,9호선,당산(9호선),447917,56997,443223,51947,504914,495170
202011,경부선,당정,138980,24401,131392,23617,163381,155009
202010,경부선,당정,135905,24654,128648,23695,160559,152343
202009,경부선,당정,116627,20889,111593,20193,137516,131786
202008,경부선,당정,118492,20495,113108,20013,138987,133121
202007,경부선,당정,145796,24258,138070,23677,170054,161747
202011,일산선,대곡,38097,10302,27892,9655,48399,37547
202010,일산선,대곡,37901,12002,27765,11495,49903,39260
202009,일산선,대곡,31422,9890,22991,9419,41312,32410
202008,일산선,대곡,32256,9655,24093,9229,41911,33322
202007,일산선,대곡,39978,11921,29185,11293,51899,40478
202011,과천선,대공원,49281,36609,53085,38020,85890,91105
202010,과천선,대공원,77087,50074,82380,51382,127161,133762
202009,과천선,대공원,35161,28124,38489,28998,63285,67487
202008,과천선,대공원,29591,22562,32271,23316,52153,55587
202007,과천선,대공원,38138,33037,41979,34115,71175,76094
202011,2호선,대림(구로구청) 2호선,574779,95776,583775,99234,670555,683009
202010,2호선,대림(구로구청) 2호선,574803,96685,584940,99571,671488,684511
202009,2호선,대림(구로구청) 2호선,511997,82645,523077,85679,594642,608756
202008,2호선,대림(구로구청) 2호선,533788,83361,542916,86197,617149,629113
202007,2호선,대림(구로구청) 2호선,611621,96900,619117,100163,708521,719280
202011,7호선,대림(구로구청) 7호선,193272,27486,195541,27150,220758,222691
202010,7호선,대림(구로구청) 7호선,199700,28161,203485,27513,227861,230998
202009,7호선,대림(구로구청) 7호선,178609,25259,179322,24392,203868,203714
202008,7호선,대림(구로구청) 7호선,186507,25181,186170,24448,211688,210618
202007,7호선,대림(구로구청) 7호선,199993,28215,201119,27296,228208,228415
202011,분당선,대모산입구,67479,23442,61615,23215,90921,84830
202010,분당선,대모산입구,65141,23845,58697,23543,88986,82240
202009,분당선,대모산입구,57044,20866,51650,20490,77910,72140
202008,분당선,대모산입구,58070,20899,51559,20236,78969,71795
202007,분당선,대모산입구,71785,24387,63705,23944,96172,87649
202011,경부선,대방,287700,55945,297514,55380,343645,352894
202010,경부선,대방,273998,55197,280952,54711,329195,335663
202009,경부선,대방,237296,46839,241655,46258,284135,287913
202008,경부선,대방,253449,48029,257048,47307,301478,304355
202007,경부선,대방,306976,56355,311750,56067,363331,367817
202011,경춘선,대성리,11645,4765,10409,4274,16410,14683
202010,경춘선,대성리,11966,6197,10882,5655,18163,16537
202009,경춘선,대성리,9377,5264,8529,4858,14641,13387
202008,경춘선,대성리,15396,4557,13762,4053,19953,17815
202007,경춘선,대성리,18575,5815,17560,5227,24390,22787
202011,안산선,대야미,106410,25029,93972,23595,131439,117567
202010,안산선,대야미,108493,27636,94561,26169,136129,120730
202009,안산선,대야미,93978,23509,82982,22042,117487,105024
202008,안산선,대야미,94546,21956,83432,20819,116502,104251
202007,안산선,대야미,113961,26575,99897,24954,140536,124851
202011,3호선,대청,203630,46792,184056,45075,250422,229131
202010,3호선,대청,195333,46094,176804,44127,241427,220931
202009,3호선,대청,168012,39637,151548,37817,207649,189365
202008,3호선,대청,178907,40824,162708,39036,219731,201744
202007,3호선,대청,223386,50350,201008,47963,273736,248971
202011,3호선,대치,238469,48418,236043,46572,286887,282615
202010,3호선,대치,229774,47605,224695,45465,277379,270160
202009,3호선,대치,181918,41721,178020,39776,223639,217796
202008,3호선,대치,220265,42330,213695,40458,262595,254153
202007,3호선,대치,255498,50644,249521,48293,306142,297814
202011,일산선,대화,285426,67204,218936,62716,352630,281652
202010,일산선,대화,274779,65052,211461,60860,339831,272321
202009,일산선,대화,232549,55495,179602,51090,288044,230692
202008,일산선,대화,249334,58835,190669,53961,308169,244630
202007,일산선,대화,303733,73631,226532,66634,377364,293166
202011,6호선,대흥(서강대앞),166210,38322,171878,37409,204532,209287
202010,6호선,대흥(서강대앞),159257,37261,164560,36429,196518,200989
202009,6호선,대흥(서강대앞),139264,31921,143930,31358,171185,175288
202008,6호선,대흥(서강대앞),146926,31868,152294,31483,178794,183777
202007,6호선,대흥(서강대앞),177442,40197,184193,39710,217639,223903
202011,경원선,덕계,56452,16998,49308,16166,73450,65474
202010,경원선,덕계,55677,17645,47658,16903,73322,64561
202009,경원선,덕계,45474,14428,40203,14194,59902,54397
202008,경원선,덕계,45783,13684,40115,13229,59467,53344
202007,경원선,덕계,54357,16017,47519,15568,70374,63087
202011,중앙선,덕소,112958,39435,108988,38731,152393,147719
202010,중앙선,덕소,115503,42464,113484,42812,157967,156296
202009,중앙선,덕소,97133,35780,95902,36010,132913,131912
202008,중앙선,덕소,101279,34808,99200,34969,136087,134169
202007,중앙선,덕소,123799,42121,121632,42336,165920,163968
202011,경원선,덕정,125594,27739,121232,27900,153333,149132
202010,경원선,덕정,129454,30771,124055,30857,160225,154912
202009,경원선,덕정,101489,26364,99547,26620,127853,126167
202008,경원선,덕정,104766,26024,100774,26471,130790,127245
202007,경원선,덕정,127250,32281,123254,32926,159531,156180
202011,분당선,도곡,131122,34206,130780,33161,165328,163941
202010,분당선,도곡,125842,33654,125373,32735,159496,158108
202009,분당선,도곡,111231,28381,112025,27776,139612,139801
202008,분당선,도곡,116552,28789,116911,28311,145341,145222
202007,분당선,도곡,143190,35648,144633,34739,178838,179372
202011,3호선,도곡(3호선),115406,21955,119121,20091,137361,139212
202010,3호선,도곡(3호선),109276,20845,112779,19046,130121,131825
202009,3호선,도곡(3호선),96377,17333,99148,15297,113710,114445
202008,3호선,도곡(3호선),99772,17919,103274,15735,117691,119009
202007,3호선,도곡(3호선),124797,21979,128799,19901,146776,148700
202011,중앙선,도농,213233,50078,190670,48871,263311,239541
202010,중앙선,도농,207846,52828,185017,51269,260674,236286
202009,중앙선,도농,176475,43887,160159,42784,220362,202943
202008,중앙선,도농,183113,43255,164327,42149,226368,206476
202007,중앙선,도농,226746,53674,199086,52087,280420,251173
202011,2호선,도림천,26470,6184,27238,6753,32654,33991
202010,2호선,도림천,25619,6138,26428,6774,31757,33202
202009,2호선,도림천,23831,5416,24550,5780,29247,30330
202008,2호선,도림천,25103,5323,25638,5531,30426,31169
202007,2호선,도림천,30092,5979,30431,6206,36071,36637
202011,경원선,도봉,99661,59410,93231,59023,159071,152254
202010,경원선,도봉,99836,61989,91845,61321,161825,153166
202009,경원선,도봉,89107,55944,83932,55480,145051,139412
202008,경원선,도봉,88363,53089,82642,52652,141452,135294
202007,경원선,도봉,105696,62777,97961,62476,168473,160437
202011,경원선,도봉산(경원선),135015,91543,71478,72159,226558,143637
202010,경원선,도봉산(경원선),148686,110733,83209,88617,259419,171826
202009,경원선,도봉산(경원선),120673,86470,63509,68925,207143,132434
202008,경원선,도봉산(경원선),114323,75536,58441,60396,189859,118837
202007,경원선,도봉산(경원선),141500,100492,73924,80063,241992,153987
202011,7호선,도봉산(7호선),205767,38073,237657,55543,243840,293200
202010,7호선,도봉산(7호선),206349,45138,242579,66239,251487,308818
202009,7호선,도봉산(7호선),177535,35323,207481,51629,212858,259110
202008,7호선,도봉산(7호선),178794,33518,203980,47554,212312,251534
202007,7호선,도봉산(7호선),217409,41750,247139,60246,259159,307385
202011,중앙선,도심,49528,15194,36677,14182,64722,50859
202010,중앙선,도심,49974,17014,37556,15983,66988,53539
202009,중앙선,도심,42476,14359,31882,13359,56835,45241
202008,중앙선,도심,43864,13839,32918,12872,57703,45790
202007,중앙선,도심,55264,17245,41062,16168,72509,57230
202011,경인선,도원,59294,25418,58892,26877,84712,85769
202010,경인선,도원,59226,26456,59290,27793,85682,87083
202009,경인선,도원,47930,23373,48113,24619,71303,72732
202008,경인선,도원,49562,23226,49675,24295,72788,73970
202007,경인선,도원,65611,27078,65651,28430,92689,94081
202011,경인선,도화,68569,29632,60745,28738,98201,89483
202010,경인선,도화,69152,29776,60578,28695,98928,89273
202009,경인선,도화,59245,26454,52482,25395,85699,77877
202008,경인선,도화,62184,26657,54451,25547,88841,79998
202007,경인선,도화,73875,30767,65058,29307,104642,94365
202011,3호선,독립문,129528,60316,140421,60527,189844,200948
202010,3호선,독립문,133800,63419,146889,63140,197219,210029
202009,3호선,독립문,108542,53409,115091,51762,161951,166853
202008,3호선,독립문,114751,51893,118708,50560,166644,169268
202007,3호선,독립문,137668,61692,145603,60824,199360,206427
202011,6호선,독바위,56474,16542,57383,20108,73016,77491
202010,6호선,독바위,56657,17419,58828,21805,74076,80633
202009,6호선,독바위,50334,15192,52821,19250,65526,72071
202008,6호선,독바위,51701,14675,51784,18216,66376,70000
202007,6호선,독바위,60962,17574,61523,21727,78536,83250
202011,경부선,독산,358222,53479,377604,54527,411701,432131
202010,경부선,독산,344084,53836,361413,54856,397920,416269
202009,경부선,독산,319405,49304,337567,50801,368709,388368
202008,경부선,독산,314231,48031,332039,48960,362262,380999
202007,경부선,독산,379444,56382,397592,57849,435826,455441
202011,6호선,돌곶이,179369,44786,164163,44392,224155,208555
202010,6호선,돌곶이,171980,44779,155945,44201,216759,200146
202009,6호선,돌곶이,151639,38680,138334,38252,190319,176586
202008,6호선,돌곶이,158132,40432,142654,40091,198564,182745
202007,6호선,돌곶이,200715,55070,183480,54890,255785,238370
202011,1호선,동대문(1호선),209906,106156,213469,108389,316062,321858
202010,1호선,동대문(1호선),215609,109800,223103,113115,325409,336218
202009,1호선,동대문(1호선),184244,94355,184462,95369,278599,279831
202008,1호선,동대문(1호선),182969,89727,184632,91067,272696,275699
202007,1호선,동대문(1호선),221485,111363,229774,114765,332848,344539
202011,4호선,동대문(4호선),378573,123619,385693,118631,502192,504324
202010,4호선,동대문(4호선),383798,129131,393797,122363,512929,516160
202009,4호선,동대문(4호선),343104,110605,354475,106238,453709,460713
202008,4호선,동대문(4호선),332405,101218,344858,95762,433623,440620
202007,4호선,동대문(4호선),443027,141636,458027,133243,584663,591270
202011,2호선,동대문역사문화공원(DDP) 2호선,275264,45136,313519,47079,320400,360598
202010,2호선,동대문역사문화공원(DDP) 2호선,276598,45262,316126,47808,321860,363934
202009,2호선,동대문역사문화공원(DDP) 2호선,227270,37587,257432,39523,264857,296955
202008,2호선,동대문역사문화공원(DDP) 2호선,235140,38130,263325,39969,273270,303294
202007,2호선,동대문역사문화공원(DDP) 2호선,295695,48498,331326,50763,344193,382089
202011,4호선,동대문역사문화공원(DDP) 4호선,342642,46940,323468,42253,389582,365721
202010,4호선,동대문역사문화공원(DDP) 4호선,339894,46801,322095,42469,386695,364564
202009,4호선,동대문역사문화공원(DDP) 4호선,289094,39209,272206,35271,328303,307477
202008,4호선,동대문역사문화공원(DDP) 4호선,299309,40601,279855,36375,339910,316230
202007,4호선,동대문역사문화공원(DDP) 4호선,366432,50062,342801,44756,416494,387557
202011,5호선,동대문역사문화공원(DDP) 5호선,59569,6860,69705,7899,66429,77604
202010,5호선,동대문역사문화공원(DDP) 5호선,54159,6487,64973,7126,60646,72099
202009,5호선,동대문역사문화공원(DDP) 5호선,52458,6428,61061,6967,58886,68028
202008,5호선,동대문역사문화공원(DDP) 5호선,53058,6664,62030,7113,59722,69143
202007,5호선,동대문역사문화공원(DDP) 5호선,61406,7944,72389,8610,69350,80999
202011,3호선,동대입구,177299,30278,190210,34529,207577,224739
202010,3호선,동대입구,165799,30070,181395,34540,195869,215935
202009,3호선,동대입구,141046,23978,148916,25680,165024,174596
202008,3호선,동대입구,146692,23829,153220,25575,170521,178795
202007,3호선,동대입구,174029,29196,182801,31594,203225,214395
202011,경원선,동두천,39295,17493,44632,23016,56788,67648
202010,경원선,동두천,35580,18643,40747,25921,54223,66668
202009,경원선,동두천,27872,16245,32786,21463,44117,54249
202008,경원선,동두천,28564,15441,32718,19834,44005,52552
202007,경원선,동두천,38117,18546,43081,24735,56663,67816
202011,경원선,동두천중앙,53045,29178,51092,29622,82223,80714
202010,경원선,동두천중앙,53644,29456,51023,29835,83100,80858
202009,경원선,동두천중앙,46762,26373,45193,26854,73135,72047
202008,경원선,동두천중앙,48693,25479,46482,25780,74172,72262
202007,경원선,동두천중앙,58745,31236,55851,31375,89981,87226
202011,1호선,동묘앞(1호선),123243,130264,131205,131631,253507,262836
202010,1호선,동묘앞(1호선),129868,148493,140413,150601,278361,291014
202009,1호선,동묘앞(1호선),106120,123144,112366,123667,229264,236033
202008,1호선,동묘앞(1호선),100373,104373,105911,105305,204746,211216
202007,1호선,동묘앞(1호선),126100,132170,135446,134894,258270,270340
202011,6호선,동묘앞(6호선),158250,58219,165123,52716,216469,217839
202010,6호선,동묘앞(6호선),158907,61995,164123,55788,220902,219911
202009,6호선,동묘앞(6호선),136741,52859,141228,48393,189600,189621
202008,6호선,동묘앞(6호선),132517,48863,138138,45086,181380,183224
202007,6호선,동묘앞(6호선),166223,59515,171868,54374,225738,226242
202011,경인선,동암,338341,76946,338652,77109,415287,415761
202010,경인선,동암,339224,80195,337343,80971,419419,418314
202009,경인선,동암,297236,69351,298696,69762,366587,368458
202008,경인선,동암,307448,71322,308388,71690,378770,380078
202007,경인선,동암,358745,81208,359450,81798,439953,441248
202011,경인선,동인천,277925,90809,263675,87962,368734,351637
202010,경인선,동인천,282154,96948,266203,94186,379102,360389
202009,경인선,동인천,241338,82439,229618,79934,323777,309552
202008,경인선,동인천,255203,86061,242784,83436,341264,326220
202007,경인선,동인천,303911,99234,288530,95929,403145,384459
202011,4호선,동작(현충원),44548,20890,48825,20090,65438,68915
202010,4호선,동작(현충원),47705,22546,50257,21420,70251,71677
202009,4호선,동작(현충원),42321,19919,44512,19245,62240,63757
202008,4호선,동작(현충원),38762,18964,41301,18205,57726,59506
202007,4호선,동작(현충원),52116,22214,54973,21597,74330,76570
202011,9호선,동작(현충원) 9호선,38243,9574,30363,8006,47817,38369
202010,9호선,동작(현충원) 9호선,37256,8756,29682,7385,46012,37067
202009,9호선,동작(현충원) 9호선,32750,6916,25431,5803,39666,31234
202008,9호선,동작(현충원) 9호선,36365,8035,27412,6638,44400,34050
202007,9호선,동작(현충원) 9호선,40038,8593,31861,7171,48631,39032
202011,경부선,두정,125590,15848,127272,16195,141438,143467
202010,경부선,두정,124005,16538,126128,16691,140543,142819
202009,경부선,두정,104836,13826,106061,14169,118662,120230
202008,경부선,두정,98911,14493,102291,14669,113404,116960
202007,경부선,두정,114386,16585,115725,16872,130971,132597
202011,5호선,둔촌동,164758,48475,164060,49647,213233,213707
202010,5호선,둔촌동,160161,49210,158518,50019,209371,208537
202009,5호선,둔촌동,138631,42775,139071,43680,181406,182751
202008,5호선,둔촌동,145784,43244,146053,44236,189028,190289
202007,5호선,둔촌동,174181,52022,173216,53368,226203,226584
202011,9호선2~3단계,둔촌오륜,22658,4711,19706,4820,27369,24526
202010,9호선2~3단계,둔촌오륜,22752,4605,19899,4783,27357,24682
202009,9호선2~3단계,둔촌오륜,18415,4072,16355,4121,22487,20476
202008,9호선2~3단계,둔촌오륜,18621,4189,17189,4217,22810,21406
202007,9호선2~3단계,둔촌오륜,25802,4963,21567,5040,30765,26607
202011,9호선,등촌,208184,64098,202550,64907,272282,267457
202010,9호선,등촌,198112,63526,191889,64367,261638,256256
202009,9호선,등촌,176658,58325,172788,59233,234983,232021
202008,9호선,등촌,190111,58420,185372,59110,248531,244482
202007,9호선,등촌,215025,68059,209450,68640,283084,278090
202011,공항철도 1호선,디지털미디어시티(공항철도),313729,19303,280132,18019,333032,298151
202010,공항철도 1호선,디지털미디어시티(공항철도),293641,18833,264614,17484,312474,282098
202009,공항철도 1호선,디지털미디어시티(공항철도),251648,15680,228016,14558,267328,242574
202008,공항철도 1호선,디지털미디어시티(공항철도),264361,16085,239420,15169,280446,254589
202007,공항철도 1호선,디지털미디어시티(공항철도),324103,19225,291617,17921,343328,309538
202011,6호선,디지털미디어시티(6호선),301307,45469,327121,45705,346776,372826
202010,6호선,디지털미디어시티(6호선),285675,45912,309707,46586,331587,356293
202009,6호선,디지털미디어시티(6호선),254369,39286,276315,39896,293655,316211
202008,6호선,디지털미디어시티(6호선),264514,39604,288680,40391,304118,329071
202007,6호선,디지털미디어시티(6호선),315262,46281,346440,46677,361543,393117
202011,경의선,디지털미디어시티(경의선),56233,9213,52376,9273,65446,61649
202010,경의선,디지털미디어시티(경의선),53979,9540,50981,9585,63519,60566
202009,경의선,디지털미디어시티(경의선),44978,7782,43028,7885,52760,50913
202008,경의선,디지털미디어시티(경의선),48181,7971,45440,7972,56152,53412
202007,경의선,디지털미디어시티(경의선),56930,9403,53634,9451,66333,63085
202011,2호선,뚝섬,464807,49093,502197,49896,513900,552093
202010,2호선,뚝섬,445338,49083,481170,49858,494421,531028
202009,2호선,뚝섬,392526,43207,425793,44047,435733,469840
202008,2호선,뚝섬,401747,43302,434091,44022,445049,478113
202007,2호선,뚝섬,499375,51243,541905,52027,550618,593932
202011,7호선,뚝섬유원지,166339,32705,160958,32937,199044,193895
202010,7호선,뚝섬유원지,193248,35630,187466,35898,228878,223364
202009,7호선,뚝섬유원지,168112,30231,163790,30771,198343,194561
202008,7호선,뚝섬유원지,145143,32060,140098,32651,177203,172749
202007,7호선,뚝섬유원지,236705,37666,223157,38223,274371,261380
202011,5호선,마곡,194366,29439,189132,28286,223805,217418
202010,5호선,마곡,182755,29623,177012,28486,212378,205498
202009,5호선,마곡,159584,26290,155665,25513,185874,181178
202008,5호선,마곡,164862,25760,160130,24611,190622,184741
202007,5호선,마곡,197628,30702,188815,29405,228330,218220
202011,공항철도 1호선,마곡나루(서울식물원) 공항철도,173255,9365,166982,9389,182620,176371
202010,공항철도 1호선,마곡나루(서울식물원) 공항철도,167610,10129,162957,10040,177739,172997
202009,공항철도 1호선,마곡나루(서울식물원) 공항철도,143576,7975,135549,7866,151551,143415
202008,공항철도 1호선,마곡나루(서울식물원) 공항철도,147995,7459,138922,7227,155454,146149
202007,공항철도 1호선,마곡나루(서울식물원) 공항철도,187345,9090,172580,8841,196435,181421
202011,9호선,마곡나루(서울식물원) 9호선,249994,21954,249784,21418,271948,271202
202010,9호선,마곡나루(서울식물원) 9호선,240986,23702,243202,23170,264688,266372
202009,9호선,마곡나루(서울식물원) 9호선,207181,18658,208616,18092,225839,226708
202008,9호선,마곡나루(서울식물원) 9호선,222140,19125,223831,18425,241265,242256
202007,9호선,마곡나루(서울식물원) 9호선,261020,22134,260968,21593,283154,282561
202011,일산선,마두,138741,51764,142696,53295,190505,195991
202010,일산선,마두,135612,53495,138637,54691,189107,193328
202009,일산선,마두,113213,44784,118335,46406,157997,164741
202008,일산선,마두,123213,46797,127635,47674,170010,175309
202007,일산선,마두,149260,57825,153759,59437,207085,213196
202011,7호선,마들,243360,66208,226129,66055,309568,292184
202010,7호선,마들,238271,68990,218705,68515,307261,287220
202009,7호선,마들,212988,60596,200064,60231,273584,260295
202008,7호선,마들,221255,61426,205965,61126,282681,267091
202007,7호선,마들,259772,71751,238361,71385,331523,309746
202011,경춘선,마석,75103,27734,71783,28087,102837,99870
202010,경춘선,마석,76444,30391,73347,30468,106835,103815
202009,경춘선,마석,62240,25136,61020,25349,87376,86369
202008,경춘선,마석,63836,23936,61296,24250,87772,85546
202007,경춘선,마석,77822,29463,75039,29658,107285,104697
202011,5호선,마장,112327,32042,105109,31565,144369,136674
202010,5호선,마장,108414,32257,99867,31624,140671,131491
202009,5호선,마장,100086,30882,92759,30432,130968,123191
202008,5호선,마장,101285,29313,93600,28670,130598,122270
202007,5호선,마장,120262,32555,111090,32262,152817,143352
202011,5호선,마천,110033,43931,107500,45602,153964,153102
202010,5호선,마천,106239,44507,103801,46252,150746,150053
202009,5호선,마천,92864,39056,91832,40826,131920,132658
202008,5호선,마천,92581,37805,91366,39712,130386,131078
202007,5호선,마천,106710,43586,103999,46221,150296,150220
202011,5호선,마포,297985,51168,310150,50727,349153,360877
202010,5호선,마포,275529,49754,291897,49427,325283,341324
202009,5호선,마포,253993,44006,263680,43225,297999,306905
202008,5호선,마포,268432,45536,278667,44653,313968,323320
202007,5호선,마포,323779,53501,336344,52875,377280,389219
202011,6호선,마포구청,298438,63913,263637,57730,362351,321367
202010,6호선,마포구청,287990,63616,252830,56844,351606,309674
202009,6호선,마포구청,259095,54224,227031,48944,313319,275975
202008,6호선,마포구청,270403,56323,237506,50571,326726,288077
202007,6호선,마포구청,317158,65501,275354,58956,382659,334310
202011,중앙선,망우,144552,56809,137867,57878,201361,195745
202010,중앙선,망우,144914,60507,139061,60801,205421,199862
202009,중앙선,망우,125074,53850,120649,54255,178924,174904
202008,중앙선,망우,132341,50780,126729,51410,183121,178139
202007,중앙선,망우,157302,60839,149501,61802,218141,211303
202011,6호선,망원,299127,69876,330406,72986,369003,403392
202010,6호선,망원,296525,69624,330226,72514,366149,402740
202009,6호선,망원,261364,64757,289002,67652,326121,356654
202008,6호선,망원,273530,61429,300643,64744,334959,365387
202007,6호선,망원,329681,71755,366370,75312,401436,441682
202011,경원선,망월사,154224,58134,155117,59624,212358,214741
202010,경원선,망월사,143960,60067,146566,61717,204027,208283
202009,경원선,망월사,115746,52546,118942,53951,168292,172893
202008,경원선,망월사,118146,51393,120528,52233,169539,172761
202007,경원선,망월사,145544,58822,146851,60531,204366,207382
202011,분당선,망포,324572,29689,305968,28652,354261,334620
202010,분당선,망포,313131,30001,294402,28967,343132,323369
202009,분당선,망포,260595,24103,246078,23380,284698,269458
202008,분당선,망포,268058,24205,255410,23109,292263,278519
202007,분당선,망포,330241,29305,310613,28016,359546,338629
202011,분당선,매교,58256,14098,58748,14724,72354,73472
202010,분당선,매교,57067,14401,57235,14838,71468,72073
202009,분당선,매교,45333,11783,46239,12147,57116,58386
202008,분당선,매교,42316,10669,41968,10861,52985,52829
202007,분당선,매교,53383,13018,52662,13246,66401,65908
202011,3호선,매봉,252325,50454,243403,46416,302779,289819
202010,3호선,매봉,235782,47987,228830,44085,283769,272915
202009,3호선,매봉,210489,40295,201893,36383,250784,238276
202008,3호선,매봉,221146,42124,213259,38309,263270,251568
202007,3호선,매봉,266602,50851,257135,46352,317453,303487
202011,분당선,매탄권선,106836,14853,101764,14301,121689,116065
202010,분당선,매탄권선,103902,15185,98134,14463,119087,112597
202009,분당선,매탄권선,86086,12507,81350,12023,98593,93373
202008,분당선,매탄권선,87273,12157,82443,11621,99430,94064
202007,분당선,매탄권선,106865,14495,100931,13845,121360,114776
202011,7호선,먹골,213756,51371,204940,51851,265127,256791
202010,7호선,먹골,210120,52695,199795,52690,262815,252485
202009,7호선,먹골,186860,46008,178871,46202,232868,225073
202008,7호선,먹골,196219,46150,188018,46604,242369,234622
202007,7호선,먹골,231068,54128,219297,54558,285196,273855
202011,7호선,면목,337265,77022,322580,79770,414287,402350
202010,7호선,면목,327525,79490,310629,81607,407015,392236
202009,7호선,면목,287859,70940,276132,73280,358799,349412
202008,7호선,면목,295723,71802,281794,74256,367525,356050
202007,7호선,면목,346977,82826,328042,85506,429803,413548
202011,4호선,명동,428131,48704,448352,49253,476835,497605
202010,4호선,명동,419364,47517,448222,48648,466881,496870
202009,4호선,명동,335442,37766,355836,38178,373208,394014
202008,4호선,명동,354578,39160,375697,39498,393738,415195
202007,4호선,명동,439432,48923,472264,50124,488355,522388
202011,5호선,명일,169855,51750,171490,54162,221605,225652
202010,5호선,명일,161882,51122,163056,52951,213004,216007
202009,5호선,명일,138507,41697,141847,43967,180204,185814
202008,5호선,명일,147291,43976,150700,46064,191267,196764
202007,5호선,명일,178452,51485,181612,53603,229937,235215
202011,경부선,명학,197396,35716,195572,34834,233112,230406
202010,경부선,명학,186603,36513,184390,35306,223116,219696
202009,경부선,명학,170569,31811,168249,30687,202380,198936
202008,경부선,명학,168619,30993,166561,29990,199612,196551
202007,경부선,명학,205166,36938,201530,35837,242104,237367
202011,분당선,모란(분당선),406287,132978,400528,144064,539265,544592
202010,분당선,모란(분당선),401852,143789,397829,155657,545641,553486
202009,분당선,모란(분당선),345018,127272,338372,138362,472290,476734
202008,분당선,모란(분당선),362880,117413,359149,127836,480293,486985
202007,분당선,모란(분당선),433774,138504,427763,151764,572278,579527
202011,8호선,모란(8호선),74220,42981,58034,32530,117201,90564
202010,8호선,모란(8호선),74758,46764,60581,35916,121522,96497
202009,8호선,모란(8호선),62291,40874,48007,31443,103165,79450
202008,8호선,모란(8호선),66442,39256,52462,30242,105698,82704
202007,8호선,모란(8호선),79023,45735,63450,34383,124758,97833
202011,5호선,목동,368295,68496,404266,70020,436791,474286
202010,5호선,목동,361701,68907,390858,69835,430608,460693
202009,5호선,목동,313528,59612,345020,60790,373140,405810
202008,5호선,목동,336305,60726,366764,62342,397031,429106
202007,5호선,목동,401257,72318,436926,74268,473575,511194
202011,8호선,몽촌토성(평화의문),120224,26914,126184,25980,147138,152164
202010,8호선,몽촌토성(평화의문),121503,28481,127726,27628,149984,155354
202009,8호선,몽촌토성(평화의문),98637,21445,103848,20449,120082,124297
202008,8호선,몽촌토성(평화의문),102074,20916,108729,20029,122990,128758
202007,8호선,몽촌토성(평화의문),120757,26025,129008,25308,146782,154316
202011,3호선,무악재,77099,23829,76452,25947,100928,102399
202010,3호선,무악재,75228,24251,75109,26191,99479,101300
202009,3호선,무악재,65387,20731,64784,22595,86118,87379
202008,3호선,무악재,68549,20962,66798,22827,89511,89625
202007,3호선,무악재,82901,24767,81248,26867,107668,108115
202011,2호선,문래,467328,64890,480273,64161,532218,544434
202010,2호선,문래,445580,63395,461219,62766,508975,523985
202009,2호선,문래,394497,55265,407917,54475,449762,462392
202008,2호선,문래,413774,57076,428075,56394,470850,484469
202007,2호선,문래,501087,68289,520425,67531,569376,587956
202011,경의선,문산,101972,35219,101581,35376,137191,136957
202010,경의선,문산,107356,38525,103903,38795,145881,142698
202009,경의선,문산,85627,32384,85142,32591,118011,117733
202008,경의선,문산,89524,31556,88521,31959,121080,120480
202007,경의선,문산,112782,38578,111419,38516,151360,149935
202011,8호선,문정,470759,48737,493695,48442,519496,542137
202010,8호선,문정,437566,46785,459342,46213,484351,505555
202009,8호선,문정,404367,41173,424988,40955,445540,465943
202008,8호선,문정,410044,41557,430750,41150,451601,471900
202007,8호선,문정,497112,49749,521212,49646,546861,570858
202011,분당선,미금,309490,84566,329235,89290,394056,418525
202010,분당선,미금,305226,84568,324760,90206,389794,414966
202009,분당선,미금,258228,71878,276709,76171,330106,352880
202008,분당선,미금,280158,73140,298517,77165,353298,375682
202007,분당선,미금,343464,89713,366259,95101,433177,461360
202011,5호선,미사,290973,43707,282738,43610,334680,326348
202010,5호선,미사,265223,43150,260423,43168,308373,303591
202009,5호선,미사,213525,34433,213535,34746,247958,248281
202008,5호선,미사,160427,28511,160997,28640,188938,189637
202011,4호선,미아(서울사이버대학),305703,94665,288063,96301,400368,384364
202010,4호선,미아(서울사이버대학),303090,96271,281275,97688,399361,378963
202009,4호선,미아(서울사이버대학),268481,85687,252299,87630,354168,339929
202008,4호선,미아(서울사이버대학),275081,83199,255227,85290,358280,340517
202007,4호선,미아(서울사이버대학),333019,100118,306883,101505,433137,408388
202011,4호선,미아사거리,592565,150476,571467,149356,743041,720823
202010,4호선,미아사거리,582452,153890,560746,152795,736342,713541
202009,4호선,미아사거리,508860,134963,491777,134304,643823,626081
202008,4호선,미아사거리,532793,136597,512746,136216,669390,648962
202007,4호선,미아사거리,643781,161647,617486,160966,805428,778452
202011,안산선,반월,91876,23885,86600,23583,115761,110183
202010,안산선,반월,93242,26015,87731,25658,119257,113389
202009,안산선,반월,80206,22280,76109,22059,102486,98168
202008,안산선,반월,84201,21696,79038,21516,105897,100554
202007,안산선,반월,98576,25147,92197,24931,123723,117128
202011,7호선,반포,123008,25591,119995,24361,148599,144356
202010,7호선,반포,122276,26518,118886,25491,148794,144377
202009,7호선,반포,111091,24481,107645,23264,135572,130909
202008,7호선,반포,119239,25556,114988,23955,144795,138943
202007,7호선,반포,141666,30142,138154,28380,171808,166534
202011,5호선,발산,417026,70377,434341,67883,487403,502224
202010,5호선,발산,398742,71414,421468,69263,470156,490731
202009,5호선,발산,334020,60767,348311,58548,394787,406859
202008,5호선,발산,358428,63815,377306,61691,422243,438997
202007,5호선,발산,433749,73474,455778,70999,507223,526777
202011,2호선,방배,393581,61361,412395,60295,454942,472690
202010,2호선,방배,372893,60031,388515,59049,432924,447564
202009,2호선,방배,314754,51098,326891,50016,365852,376907
202008,2호선,방배,326299,52841,340479,51821,379140,392300
202007,2호선,방배,397717,63857,413492,61868,461574,475360
202011,5호선,방이,145932,36224,150144,35838,182156,185982
202010,5호선,방이,141803,35546,146434,34898,177349,181332
202009,5호선,방이,118257,30530,122614,29794,148787,152408
202008,5호선,방이,130103,31857,134649,31121,161960,165770
202007,5호선,방이,156705,38024,162331,37332,194729,199663
202011,경원선,방학,161688,92785,157125,91913,254473,249038
202010,경원선,방학,160048,92567,154539,91516,252615,246055
202009,경원선,방학,141662,80611,138236,80426,222273,218662
202008,경원선,방학,144851,79324,141176,79437,224175,220613
202007,경원선,방학,172346,94899,168261,94969,267245,263230
202011,5호선,방화,136678,40385,128906,39221,177063,168127
202010,5호선,방화,133396,42424,124982,40869,175820,165851
202009,5호선,방화,114912,36624,108651,35144,151536,143795
202008,5호선,방화,123255,37824,117031,36583,161079,153614
202007,5호선,방화,148839,44088,139689,42344,192927,182033
202011,장항선,배방,21402,4875,21007,4833,26277,25840
202010,장항선,배방,22264,5257,21773,5131,27521,26904
202009,장항선,배방,18046,4508,17795,4442,22554,22237
202008,장항선,배방,18760,4542,18356,4418,23302,22774
202007,장항선,배방,21872,5329,21288,5345,27201,26633
202011,경의선,백마,146498,26966,136118,27212,173464,163330
202010,경의선,백마,143653,26876,133043,26765,170529,159808
202009,경의선,백마,119710,23040,113886,23008,142750,136894
202008,경의선,백마,126129,22108,118783,22306,148237,141089
202007,경의선,백마,158544,27281,147808,27725,185825,175533
202011,일산선,백석,200041,60011,201062,59210,260052,260272
202010,일산선,백석,197840,61073,198650,60001,258913,258651
202009,일산선,백석,170691,52931,174238,52410,223622,226648
202008,일산선,백석,180057,53120,182190,52219,233177,234409
202007,일산선,백석,215744,64989,218065,63231,280733,281296
202011,경춘선,백양리,1773,715,1722,674,2488,2396
202010,경춘선,백양리,1975,1228,1848,1337,3203,3185
202009,경춘선,백양리,1547,898,1345,936,2445,2281
202008,경춘선,백양리,2758,1077,2306,1068,3835,3374
202007,경춘선,백양리,2488,1954,2037,1996,4442,4033
202011,경인선,백운,143288,47069,140299,48092,190357,188391
202010,경인선,백운,142186,49218,136974,49947,191404,186921
202009,경인선,백운,123444,43547,121095,44569,166991,165664
202008,경인선,백운,127464,44159,123975,44935,171623,168910
202007,경인선,백운,153331,50622,148688,51434,203953,200122
202011,6호선,버티고개,46873,12520,43253,14383,59393,57636
202010,6호선,버티고개,45791,12527,42297,14654,58318,56951
202009,6호선,버티고개,39906,10849,36864,12867,50755,49731
202008,6호선,버티고개,40688,11028,37675,12706,51716,50381
202007,6호선,버티고개,49129,13038,45165,15230,62167,60395
202011,과천선,범계,578852,80615,569748,78636,659467,648384
202010,과천선,범계,570639,83214,563296,80907,653853,644203
202009,과천선,범계,478778,68912,468779,67442,547690,536221
202008,과천선,범계,516279,73172,505955,71577,589451,577532
202007,과천선,범계,630189,87797,620976,85356,717986,706332
202011,경춘선,별내,56142,16487,53147,15953,72629,69100
202010,경춘선,별내,56462,17397,53628,16576,73859,70204
202009,경춘선,별내,47058,14634,45442,14185,61692,59627
202008,경춘선,별내,47524,14017,45954,13703,61541,59657
202007,경춘선,별내,56495,16927,54227,16622,73422,70849
202011,경부선,병점,317713,44835,318094,44052,362548,362146
202010,경부선,병점,318263,47635,318921,46891,365898,365812
202009,경부선,병점,261548,39632,259239,39237,301180,298476
202008,경부선,병점,272092,40981,271648,39994,313073,311642
202007,경부선,병점,332358,48677,330818,47808,381035,378626
202011,7호선,보라매,218999,36000,216752,34824,254999,251576
202010,7호선,보라매,210310,35759,207436,34549,246069,241985
202009,7호선,보라매,188780,31380,185660,30145,220160,215805
202008,7호선,보라매,193696,32255,191799,31193,225951,222992
202007,7호선,보라매,233153,37808,231706,37153,270961,268859
202011,우이신설선,보문(우이신설),26362,12808,26408,13063,39170,39471
202010,우이신설선,보문(우이신설),25415,12803,25390,13283,38218,38673
202009,우이신설선,보문(우이신설),22872,11509,22644,11968,34381,34612
202008,우이신설선,보문(우이신설),23231,11450,23390,11696,34681,35086
202007,우이신설선,보문(우이신설),27950,13482,28102,13832,41432,41934
202011,6호선,보문(6호선),163401,25409,148320,24583,188810,172903
202010,6호선,보문(6호선),158672,25126,143588,24152,183798,167740
202009,6호선,보문(6호선),142469,21588,128929,21090,164057,150019
202008,6호선,보문(6호선),146322,21729,132799,21036,168051,153835
202007,6호선,보문(6호선),177526,26711,160204,25350,204237,185554
202011,경원선,보산,32951,11357,30621,10844,44308,41465
202010,경원선,보산,34513,12014,30778,11439,46527,42217
202009,경원선,보산,26600,10940,24638,10401,37540,35039
202008,경원선,보산,29231,10309,26668,9828,39540,36496
202007,경원선,보산,35793,11913,32662,11496,47706,44158
202011,분당선,보정,46609,16611,38756,15761,63220,54517
202010,분당선,보정,45391,17048,37534,16192,62439,53726
202009,분당선,보정,37976,12892,31406,12317,50868,43723
202008,분당선,보정,39430,13429,31549,12842,52859,44391
202007,분당선,보정,51786,17292,41279,16614,69078,57893
202011,분당선,복정(분당선),18,0,0,0,18,0
202010,분당선,복정(분당선),5,1,0,0,6,0
202009,분당선,복정(분당선),7,0,0,0,7,0
202008,분당선,복정(분당선),14,1,0,0,15,0
202007,분당선,복정(분당선),13,1,0,0,14,0
202011,8호선,복정(8호선),240510,37781,202829,34522,278291,237351
202010,8호선,복정(8호선),231801,37578,196828,34679,269379,231507
202009,8호선,복정(8호선),193498,30631,167489,28072,224129,195561
202008,8호선,복정(8호선),201960,31239,174504,28993,233199,203497
202007,8호선,복정(8호선),248761,38257,211860,35675,287018,247535
202011,장항선,봉명,20777,8474,20337,8157,29251,28494
202010,장항선,봉명,20502,9091,19844,8630,29593,28474
202009,장항선,봉명,17266,7486,16707,7244,24752,23951
202008,장항선,봉명,19067,8105,18433,7813,27172,26246
202007,장항선,봉명,23349,9883,22241,9548,33232,31789
202011,9호선2~3단계,봉은사,373290,34311,381820,32396,407601,414216
202010,9호선2~3단계,봉은사,337756,32530,346018,30817,370286,376835
202009,9호선2~3단계,봉은사,283074,26204,285946,24684,309278,310630
202008,9호선2~3단계,봉은사,351717,31862,358717,29702,383579,388419
202007,9호선2~3단계,봉은사,408497,36759,419253,34982,445256,454235
202011,2호선,봉천,517380,117347,463785,117122,634727,580907
202010,2호선,봉천,505613,118070,452004,117708,623683,569712
202009,2호선,봉천,457479,105397,411780,105909,562876,517689
202008,2호선,봉천,481841,109129,433715,109360,590970,543075
202007,2호선,봉천,559943,121917,496491,122384,681860,618875
202011,6호선,봉화산(서울의료원),189555,39606,172094,38797,229161,210891
202010,6호선,봉화산(서울의료원),184163,40985,165278,40508,225148,205786
202009,6호선,봉화산(서울의료원),165294,35466,149298,34501,200760,183799
202008,6호선,봉화산(서울의료원),172001,35683,155302,34661,207684,189963
202007,6호선,봉화산(서울의료원),207391,43123,185445,41872,250514,227317
202011,경인선,부개,170530,50007,158642,49168,220537,207810
202010,경인선,부개,170303,52070,156126,50933,222373,207059
202009,경인선,부개,149229,45321,138980,44491,194550,183471
202008,경인선,부개,154779,45907,143983,44847,200686,188830
202007,경인선,부개,184193,52725,170678,51378,236918,222056
202011,경강선,부발,46070,5684,44937,5762,51754,50699
202010,경강선,부발,44069,6645,42708,6706,50714,49414
202009,경강선,부발,36374,5028,34326,5007,41402,39333
202008,경강선,부발,33686,4373,32453,4324,38059,36777
202007,경강선,부발,44067,5766,42236,5746,49833,47982
202011,경인선,부천,725635,165116,732718,167116,890751,899834
202010,경인선,부천,727201,171268,735516,173278,898469,908794
202009,경인선,부천,622028,151901,628835,154445,773929,783280
202008,경인선,부천,666993,156371,672119,158655,823364,830774
202007,경인선,부천,771224,177065,777287,179768,948289,957055
202011,7호선,부천시청,275899,43629,276009,42038,319528,318047
202010,7호선,부천시청,272433,44846,272422,43455,317279,315877
202009,7호선,부천시청,236443,39316,235438,37916,275759,273354
202008,7호선,부천시청,246947,40298,243130,38597,287245,281727
202007,7호선,부천시청,288154,45862,283408,43682,334016,327090
202011,7호선,부천종합운동장,98228,15223,83357,14964,113451,98321
202010,7호선,부천종합운동장,97839,16786,83303,16535,114625,99838
202009,7호선,부천종합운동장,86800,14135,73976,14022,100935,87998
202008,7호선,부천종합운동장,87587,13501,73843,13270,101088,87113
202007,7호선,부천종합운동장,106718,16059,89851,15825,122777,105676
202011,경인선,부평,692231,112782,753326,114387,805013,867713
202010,경인선,부평,708597,114708,781860,115818,823305,897678
202009,경인선,부평,585619,98226,633209,100373,683845,733582
202008,경인선,부평,649435,103606,702479,105450,753041,807929
202007,경인선,부평,755390,118100,826080,120183,873490,946263
202011,7호선,부평구청,271128,25625,220169,22273,296753,242442
202010,7호선,부평구청,261657,25691,211942,22397,287348,234339
202009,7호선,부평구청,235181,21730,193317,18863,256911,212180
202008,7호선,부평구청,240543,22744,195780,20210,263287,215990
202007,7호선,부평구청,289256,26723,231076,23472,315979,254548
202011,우이신설선,북한산보국문,118264,35315,108174,36224,153579,144398
202010,우이신설선,북한산보국문,116854,36119,106594,36756,152973,143350
202009,우이신설선,북한산보국문,99639,30094,91881,30726,129733,122607
202008,우이신설선,북한산보국문,99743,29250,91122,30183,128993,121305
202007,우이신설선,북한산보국문,124175,35280,112931,36035,159455,148966
202011,우이신설선,북한산우이,48627,28594,42309,29574,77221,71883
202010,우이신설선,북한산우이,57590,34123,52126,35416,91713,87542
202009,우이신설선,북한산우이,43417,26078,39325,27508,69495,66833
202008,우이신설선,북한산우이,39786,25997,36077,26949,65783,63026
202007,우이신설선,북한산우이,51902,32151,47862,33413,84053,81275
202011,6호선,불광(6호선),87588,33083,92632,28251,120671,120883
202010,6호선,불광(6호선),88712,34214,94209,29167,122926,123376
202009,6호선,불광(6호선),78067,31129,83478,26476,109196,109954
202008,6호선,불광(6호선),84164,32454,87486,27290,116618,114776
202007,6호선,불광(6호선),95367,37398,100508,31879,132765,132387
202011,3호선,불광(3호선),324475,111636,347655,122950,436111,470605
202010,3호선,불광(3호선),321750,116065,351135,128266,437815,479401
202009,3호선,불광(3호선),279850,99915,301833,110375,379765,412208
202008,3호선,불광(3호선),288032,98729,309462,108795,386761,418257
202007,3호선,불광(3호선),341401,116507,364469,128954,457908,493423
202011,7호선,사가정,350449,81672,346372,81306,432121,427678
202010,7호선,사가정,346903,84822,340445,84134,431725,424579
202009,7호선,사가정,303564,74117,300643,73409,377681,374052
202008,7호선,사가정,309277,73382,306184,73359,382659,379543
202007,7호선,사가정,354590,85518,350152,85784,440108,435936
202011,4호선,사당(4호선),591350,69380,499107,68731,660730,567838
202010,4호선,사당(4호선),583049,71775,499243,71127,654824,570370
202009,4호선,사당(4호선),477879,56817,404027,54491,534696,458518
202008,4호선,사당(4호선),527736,60855,445395,58683,588591,504078
202007,4호선,사당(4호선),647181,74085,550186,72503,721266,622689
202011,2호선,사당(2호선),831809,147808,950225,142005,979617,1092230
202010,2호선,사당(2호선),826657,150530,943727,146356,977187,1090083
202009,2호선,사당(2호선),688562,120338,766018,116623,808900,882641
202008,2호선,사당(2호선),756151,128454,851372,124855,884605,976227
202007,2호선,사당(2호선),922971,156467,1046707,151658,1079438,1198365
202011,경춘선,사릉,73385,17453,68426,17283,90838,85709
202010,경춘선,사릉,73609,18644,68163,18605,92253,86768
202009,경춘선,사릉,62810,16562,59590,16454,79372,76044
202008,경춘선,사릉,63336,15475,59119,15404,78811,74523
202007,경춘선,사릉,77005,18354,71265,18167,95359,89432
202011,수인선,사리,77405,12122,71346,11636,89527,82982
202010,수인선,사리,76398,13306,69292,12548,89704,81840
202009,수인선,사리,41005,8727,39702,8455,49732,48157
202011,9호선,사평,63128,14295,60888,14435,77423,75323
202010,9호선,사평,60523,13960,57954,14134,74483,72088
202009,9호선,사평,52430,12028,50917,12230,64458,63147
202008,9호선,사평,59891,12449,57810,12538,72340,70348
202007,9호선,사평,69903,14696,66736,14802,84599,81538
202011,안산선,산본,340902,78005,368918,79265,418907,448183
202010,안산선,산본,338991,80516,367514,81710,419507,449224
202009,안산선,산본,289849,66002,312969,67210,355851,380179
202008,안산선,산본,307092,68191,331573,70016,375283,401589
202007,안산선,산본,372266,81574,400876,83181,453840,484057
202011,8호선,산성,155019,35254,148213,37972,190273,186185
202010,8호선,산성,157400,37096,149908,40509,194496,190417
202009,8호선,산성,124974,30922,121239,34083,155896,155322
202008,8호선,산성,113831,27376,109150,30036,141207,139186
202007,8호선,산성,118248,28574,113168,31851,146822,145019
202011,6호선,삼각지(6호선),133037,13915,114388,11659,146952,126047
202010,6호선,삼각지(6호선),130725,13460,112408,11063,144185,123471
202009,6호선,삼각지(6호선),107832,11005,92537,8900,118837,101437
202008,6호선,삼각지(6호선),115093,11489,99464,9430,126582,108894
202007,6호선,삼각지(6호선),140382,14012,120841,11322,154394,132163
202011,4호선,삼각지(4호선),94118,20004,110885,20926,114122,131811
202010,4호선,삼각지(4호선),90866,19417,107860,20619,110283,128479
202009,4호선,삼각지(4호선),80961,16846,90884,17358,97807,108242
202008,4호선,삼각지(4호선),85836,17844,97634,18414,103680,116048
202007,4호선,삼각지(4호선),103656,21273,118017,22032,124929,140049
202011,경강선,삼동,50418,9275,44760,9138,59693,53898
202010,경강선,삼동,48863,9563,43021,9431,58426,52452
202009,경강선,삼동,41234,8206,37204,7839,49440,45043
202008,경강선,삼동,43346,8144,38824,7946,51490,46770
202007,경강선,삼동,53422,9606,47381,9276,63028,56657
202011,7호선,삼산체육관,103848,19663,93123,18672,123511,111795
202010,7호선,삼산체육관,101161,20282,89916,19462,121443,109378
202009,7호선,삼산체육관,86222,16545,77309,16219,102767,93528
202008,7호선,삼산체육관,89826,17113,79906,16479,106939,96385
202007,7호선,삼산체육관,109470,20375,95761,19426,129845,115187
202011,2호선,삼성(무역센터),1201492,92887,1236299,85746,1294379,1322045
202010,2호선,삼성(무역센터),1112181,87837,1143465,80784,1200018,1224249
202009,2호선,삼성(무역센터),952461,76061,973589,68815,1028522,1042404
202008,2호선,삼성(무역센터),1118348,84380,1147652,77218,1202728,1224870
202007,2호선,삼성(무역센터),1351862,101946,1395918,93594,1453808,1489512
202011,9호선2~3단계,삼성중앙,143178,18118,150253,18050,161296,168303
202010,9호선2~3단계,삼성중앙,135307,17556,142548,17251,152863,159799
202009,9호선2~3단계,삼성중앙,120928,15573,125373,15070,136501,140443
202008,9호선2~3단계,삼성중앙,129614,16054,136159,15885,145668,152044
202007,9호선2~3단계,삼성중앙,158138,18964,164987,18672,177102,183659
202011,일산선,삼송,389585,78055,374122,77945,467640,452067
202010,일산선,삼송,388393,80682,369668,80210,469075,449878
202009,일산선,삼송,328910,70074,318723,70235,398984,388958
202008,일산선,삼송,342347,68493,330176,68213,410840,398389
202007,일산선,삼송,413611,81906,394894,81531,495517,476425
202011,우이신설선,삼양,29234,23389,29822,25257,52623,55079
202010,우이신설선,삼양,28770,22947,29054,25393,51717,54447
202009,우이신설선,삼양,25449,20365,26815,22668,45814,49483
202008,우이신설선,삼양,25679,20191,26223,22269,45870,48492
202007,우이신설선,삼양,31275,23788,31554,26392,55063,57946
202011,우이신설선,삼양사거리,32460,29821,32732,30429,62281,63161
202010,우이신설선,삼양사거리,31906,30658,31737,30921,62564,62658
202009,우이신설선,삼양사거리,28146,27034,28819,27742,55180,56561
202008,우이신설선,삼양사거리,29957,26908,29640,27534,56865,57174
202007,우이신설선,삼양사거리,35726,31171,35543,31953,66897,67496
202011,9호선2~3단계,삼전,137622,27543,132871,26662,165165,159533
202010,9호선2~3단계,삼전,132171,27581,127002,26662,159752,153664
202009,9호선2~3단계,삼전,117387,23805,113584,23270,141192,136854
202008,9호선2~3단계,삼전,126038,25048,122766,24348,151086,147114
202007,9호선2~3단계,삼전,143388,28693,139576,27927,172081,167503
202011,분당선,상갈,114863,24990,110464,23950,139853,134414
202010,분당선,상갈,113664,25435,109310,24595,139099,133905
202009,분당선,상갈,93518,20381,89537,19708,113899,109245
202008,분당선,상갈,98699,20783,93696,20078,119482,113774
202007,분당선,상갈,121638,25924,114928,24838,147562,139766
202011,4호선,상계,408687,97796,370865,95891,506483,466756
202010,4호선,상계,401296,100459,360854,98084,501755,458938
202009,4호선,상계,352434,87097,321319,84820,439531,406139
202008,4호선,상계,370985,86855,333533,85174,457840,418707
202007,4호선,상계,444848,103625,397002,101389,548473,498391
202011,7호선,상도,228681,46223,219178,44560,274904,263738
202010,7호선,상도,218145,45603,209252,44158,263748,253410
202009,7호선,상도,198103,40686,188495,39099,238789,227594
202008,7호선,상도,207536,41716,197720,39777,249252,237497
202007,7호선,상도,241432,47524,228837,45752,288956,274589
202011,7호선,상동,291018,40863,301626,41017,331881,342643
202010,7호선,상동,284305,41239,294452,41444,325544,335896
202009,7호선,상동,241307,34768,251077,34762,276075,285839
202008,7호선,상동,265409,36909,275490,37073,302318,312563
202007,7호선,상동,313200,41267,325355,41528,354467,366883
202011,안산선,상록수,387948,59180,381013,60216,447128,441229
202010,안산선,상록수,390327,61091,379678,61984,451418,441662
202009,안산선,상록수,339889,52981,333160,53734,392870,386894
202008,안산선,상록수,366361,56486,357000,57293,422847,414293
202007,안산선,상록수,430195,66700,416637,67372,496895,484009
202011,중앙선,상봉(시외버스터미널) 중앙선,125374,33676,122961,32136,159050,155097
202010,중앙선,상봉(시외버스터미널) 중앙선,127566,36130,124658,34568,163696,159226
202009,중앙선,상봉(시외버스터미널) 중앙선,109210,31593,107387,30422,140803,137809
202008,중앙선,상봉(시외버스터미널) 중앙선,115199,30186,112904,28755,145385,141659
202007,중앙선,상봉(시외버스터미널) 중앙선,136757,36294,133240,34436,173051,167676
202011,7호선,상봉(시외버스터미널) 7호선,389511,57454,367052,55062,446965,422114
202010,7호선,상봉(시외버스터미널) 7호선,382140,59819,360563,57210,441959,417773
202009,7호선,상봉(시외버스터미널) 7호선,335522,52154,316592,50392,387676,366984
202008,7호선,상봉(시외버스터미널) 7호선,352833,52145,333844,50103,404978,383947
202007,7호선,상봉(시외버스터미널) 7호선,412923,60915,389132,58494,473838,447626
202011,6호선,상수,189917,17519,220918,17612,207436,238530
202010,6호선,상수,185598,17655,221229,17796,203253,239025
202009,6호선,상수,153330,15852,176928,15956,169182,192884
202008,6호선,상수,182786,16171,213180,16306,198957,229486
202007,6호선,상수,214203,18693,251882,19167,232896,271049
202011,2호선,상왕십리,306144,53389,291777,53577,359533,345354
202010,2호선,상왕십리,295109,52899,280136,53026,348008,333162
202009,2호선,상왕십리,260078,47392,248579,47816,307470,296395
202008,2호선,상왕십리,276236,48873,263209,49198,325109,312407
202007,2호선,상왕십리,330200,56835,312923,56464,387035,369387
202011,6호선,상월곡(한국과학기술연구원),129413,34049,111626,32746,163462,144372
202010,6호선,상월곡(한국과학기술연구원),124667,33697,105972,32477,158364,138449
202009,6호선,상월곡(한국과학기술연구원),110696,29433,95001,28651,140129,123652
202008,6호선,상월곡(한국과학기술연구원),111478,28690,94207,28075,140168,122282
202007,6호선,상월곡(한국과학기술연구원),135657,34331,114151,33813,169988,147964
202011,5호선,상일동,334254,71097,293395,67188,405351,360583
202010,5호선,상일동,321549,70015,276514,65749,391564,342263
202009,5호선,상일동,277978,59727,241992,55812,337705,297804
202008,5호선,상일동,310659,62761,266529,59623,373420,326152
202007,5호선,상일동,437800,85194,366581,80327,522994,446908
202011,경춘선,상천,4146,3831,3581,3817,7977,7398
202010,경춘선,상천,6170,6028,4849,5888,12198,10737
202009,경춘선,상천,4571,5093,3722,5089,9664,8811
202008,경춘선,상천,3560,3053,3140,3047,6613,6187
202007,경춘선,상천,5138,4225,4372,4190,9363,8562
202011,6호선,새절(신사),265611,71502,242690,71543,337113,314233
202010,6호선,새절(신사),258731,73738,235298,73904,332469,309202
202009,6호선,새절(신사),228254,63375,209654,63910,291629,273564
202008,6호선,새절(신사),238026,63713,218540,63977,301739,282517
202007,6호선,새절(신사),282043,75116,256649,75090,357159,331739
202011,9호선,샛강,114550,19595,120876,19369,134145,140245
202010,9호선,샛강,106089,19179,113564,19033,125268,132597
202009,9호선,샛강,94178,16666,99745,16269,110844,116014
202008,9호선,샛강,105273,17522,113611,17435,122795,131046
202007,9호선,샛강,123244,21314,132645,21211,144558,153856
202011,경의선,서강대,45777,8701,44411,8255,54478,52666
202010,경의선,서강대,45613,9060,44475,8547,54673,53022
202009,경의선,서강대,37480,7883,35152,7533,45363,42685
202008,경의선,서강대,41654,8126,39870,7701,49780,47571
202007,경의선,서강대,49767,9562,47791,9038,59329,56829
202011,5호선,서대문,377097,53418,387315,50507,430515,437822
202010,5호선,서대문,353604,52380,362778,49183,405984,411961
202009,5호선,서대문,315889,44705,323299,41968,360594,365267
202008,5호선,서대문,327687,47680,336469,44383,375367,380852
202007,5호선,서대문,402629,55339,416164,51873,457968,468037
202011,경부선,서동탄,33362,7223,28206,7309,40585,35515
202010,경부선,서동탄,34182,7821,28776,7649,42003,36425
202009,경부선,서동탄,28469,6679,23684,6497,35148,30181
202008,경부선,서동탄,29514,6512,24569,6416,36026,30985
202007,경부선,서동탄,36401,8024,30559,7843,44425,38402
202011,경원선,서빙고,36875,13035,33230,12056,49910,45286
202010,경원선,서빙고,35424,12882,31817,11944,48306,43761
202009,경원선,서빙고,31996,11220,27790,10393,43216,38183
202008,경원선,서빙고,34052,11554,30445,10604,45606,41049
202007,경원선,서빙고,39869,13502,36280,12398,53371,48678
202011,2호선,서울대입구(관악구청),1103420,151581,1071620,143923,1255001,1215543
202010,2호선,서울대입구(관악구청),1091951,153365,1069930,147622,1245316,1217552
202009,2호선,서울대입구(관악구청),944313,135252,913854,129418,1079565,1043272
202008,2호선,서울대입구(관악구청),1029227,141802,1002578,135028,1171029,1137606
202007,2호선,서울대입구(관악구청),1222845,163039,1185550,155596,1385884,1341146
202011,분당선,서울숲,212639,21759,216950,21201,234398,238151
202010,분당선,서울숲,217077,24438,222751,23622,241515,246373
202009,분당선,서울숲,189679,19631,192978,18772,209310,211750
202008,분당선,서울숲,186838,18908,187896,18151,205746,206047
202007,분당선,서울숲,238723,23787,241743,22970,262510,264713
202011,공항철도 1호선,서울역(공항철도),179671,25547,168781,23340,205218,192121
202010,공항철도 1호선,서울역(공항철도),172425,26026,156899,23366,198451,180265
202009,공항철도 1호선,서울역(공항철도),127852,21629,120137,19945,149481,140082
202008,공항철도 1호선,서울역(공항철도),166778,23327,152534,21542,190105,174076
202007,공항철도 1호선,서울역(공항철도),185216,27070,172458,24842,212286,197300
202011,1호선,서울역(1호선),970425,163629,919628,153605,1134054,1073233
202010,1호선,서울역(1호선),924642,164817,867575,154920,1089459,1022495
202009,1호선,서울역(1호선),724320,137054,711203,128369,861374,839572
202008,1호선,서울역(1호선),868817,142312,831427,133674,1011129,965101
202007,1호선,서울역(1호선),1050692,170236,1009246,160113,1220928,1169359
202011,4호선,서울역(4호선),243530,31384,380890,36733,274914,417623
202010,4호선,서울역(4호선),230955,31253,357808,36404,262208,394212
202009,4호선,서울역(4호선),197323,27570,282003,29664,224893,311667
202008,4호선,서울역(4호선),213123,28790,344300,32800,241913,377100
202007,4호선,서울역(4호선),271476,33505,421198,38715,304981,459913
202011,경부선,서울역(경부선),145486,8385,37641,1930,153871,39571
202010,경부선,서울역(경부선),137844,8087,33590,1846,145931,35436
202009,경부선,서울역(경부선),90923,5768,26723,1418,96691,28141
202008,경부선,서울역(경부선),137473,7649,35669,1747,145122,37416
202007,경부선,서울역(경부선),148558,8483,38891,1927,157041,40818
202011,경의선,서울역(경의선),87247,12389,108966,15604,99636,124570
202010,경의선,서울역(경의선),80210,11928,100196,15132,92138,115328
202009,경의선,서울역(경의선),69616,10128,85212,12844,79744,98056
202008,경의선,서울역(경의선),72870,9726,89981,12649,82596,102630
202007,경의선,서울역(경의선),93231,12801,117116,16236,106032,133352
202011,경부선,서정리,153835,21876,150357,21770,175711,172127
202010,경부선,서정리,147202,22764,144209,22413,169966,166622
202009,경부선,서정리,114078,19113,111297,18765,133191,130062
202008,경부선,서정리,117305,20274,118408,20076,137579,138484
202007,경부선,서정리,147151,24379,144670,23901,171530,168571
202011,2호선,서초,499790,66637,485481,65907,566427,551388
202010,2호선,서초,457176,60213,447248,60712,517389,507960
202009,2호선,서초,395364,48481,386735,48639,443845,435374
202008,2호선,서초,424485,54436,415008,54452,478921,469460
202007,2호선,서초,518245,66610,506616,68700,584855,575316
202011,분당선,서현,528077,94723,543676,92053,622800,635729
202010,분당선,서현,516732,95245,535262,92612,611977,627874
202009,분당선,서현,436258,81583,449257,78493,517841,527750
202008,분당선,서현,491758,83591,506005,81238,575349,587243
202007,분당선,서현,592095,101670,613774,99098,693765,712872
202011,경원선,석계(경원선),171886,51773,197139,55769,223659,252908
202010,경원선,석계(경원선),172909,55436,197498,59558,228345,257056
202009,경원선,석계(경원선),146721,47939,168141,51235,194660,219376
202008,경원선,석계(경원선),149053,46309,174167,49597,195362,223764
202007,경원선,석계(경원선),188351,56110,215407,60055,244461,275462
202011,6호선,석계(6호선),262021,63068,266390,63330,325089,329720
202010,6호선,석계(6호선),257686,64563,260151,64732,322249,324883
202009,6호선,석계(6호선),226303,55780,229669,56490,282083,286159
202008,6호선,석계(6호선),238855,56498,237448,56695,295353,294143
202007,6호선,석계(6호선),281489,66605,284562,67191,348094,351753
202011,경부선,석수,227618,39880,199560,38398,267498,237958
202010,경부선,석수,225083,41687,197103,40834,266770,237937
202009,경부선,석수,197501,36318,172807,34917,233819,207724
202008,경부선,석수,199148,33919,173878,32125,233067,206003
202007,경부선,석수,243990,41862,212967,39875,285852,252842
202011,9호선2~3단계,석촌,176374,25458,152724,22079,201832,174803
202010,9호선2~3단계,석촌,172675,25710,148978,22132,198385,171110
202009,9호선2~3단계,석촌,144983,21085,126232,18561,166068,144793
202008,9호선2~3단계,석촌,155125,22265,132907,19440,177390,152347
202007,9호선2~3단계,석촌,184780,26332,158211,22534,211112,180745
202011,8호선,석촌(8호선),155306,40058,185853,42602,195364,228455
202010,8호선,석촌(8호선),150561,40764,181388,43202,191325,224590
202009,8호선,석촌(8호선),132098,35071,155982,36836,167169,192818
202008,8호선,석촌(8호선),140782,34989,165212,37356,175771,202568
202007,8호선,석촌(8호선),165453,41065,197770,44331,206518,242101
202011,9호선2~3단계,석촌고분,117929,25373,114803,25266,143302,140069
202010,9호선2~3단계,석촌고분,112125,25192,108741,24794,137317,133535
202009,9호선2~3단계,석촌고분,99749,21718,97641,21530,121467,119171
202008,9호선2~3단계,석촌고분,107300,22758,105058,22637,130058,127695
202007,9호선2~3단계,석촌고분,124471,26606,121441,26149,151077,147590
202011,분당선,선릉(분당선),285925,35680,441226,45588,321605,486814
202010,분당선,선릉(분당선),266686,34590,414064,43866,301276,457930
202009,분당선,선릉(분당선),240954,29743,367317,38255,270697,405572
202008,분당선,선릉(분당선),252403,29998,394806,39588,282401,434394
202007,분당선,선릉(분당선),307138,36386,493393,48584,343524,541977
202011,2호선,선릉(2호선),1178665,178261,1057066,159007,1356926,1216073
202010,2호선,선릉(2호선),1105702,168050,996180,149880,1273752,1146060
202009,2호선,선릉(2호선),989990,151019,884721,133504,1141009,1018225
202008,2호선,선릉(2호선),1066202,159698,954030,142127,1225900,1096157
202007,2호선,선릉(2호선),1316056,193819,1178503,172446,1509875,1350949
202011,과천선,선바위,198743,27147,166535,26717,225890,193252
202010,과천선,선바위,193191,29292,161999,28945,222483,190944
202009,과천선,선바위,167406,24761,145437,24516,192167,169953
202008,과천선,선바위,171498,22870,147669,22490,194368,170159
202007,과천선,선바위,211466,28351,178051,27456,239817,205507
202011,9호선,선유도,165850,21776,159127,21258,187626,180385
202010,9호선,선유도,156963,22383,151919,21880,179346,173799
202009,9호선,선유도,140727,18319,136946,17624,159046,154570
202008,9호선,선유도,150322,19006,146070,18377,169328,164447
202007,9호선,선유도,183452,22906,176649,22473,206358,199122
202011,9호선2~3단계,선정릉(9호선),210115,19404,229261,20185,229519,249446
202010,9호선2~3단계,선정릉(9호선),200600,18818,220177,19366,219418,239543
202009,9호선2~3단계,선정릉(9호선),178835,15052,191714,15437,193887,207151
202008,9호선2~3단계,선정릉(9호선),186098,16082,199672,16542,202180,216214
202007,9호선2~3단계,선정릉(9호선),224432,19728,240811,20487,244160,261298
202011,분당선,선정릉(분당선),171925,23403,185943,22165,195328,208108
202010,분당선,선정릉(분당선),161829,21931,175668,21306,183760,196974
202009,분당선,선정릉(분당선),148930,18680,160492,17771,167610,178263
202008,분당선,선정릉(분당선),154877,19215,167476,18541,174092,186017
202007,분당선,선정릉(분당선),185441,24089,203430,23307,209530,226737
202011,경부선,성균관대,346317,42318,342645,42650,388635,385295
202010,경부선,성균관대,334649,43906,331974,44046,378555,376020
202009,경부선,성균관대,275374,35474,269864,35917,310848,305781
202008,경부선,성균관대,278989,36301,276578,36833,315290,313411
202007,경부선,성균관대,346131,43745,339244,44393,389876,383637
202011,2호선,성수,724190,87999,801708,89600,812189,891308
202010,2호선,성수,681643,84808,762820,86581,766451,849401
202009,2호선,성수,623188,77881,695933,79334,701069,775267
202008,2호선,성수,642711,77882,716689,79261,720593,795950
202007,2호선,성수,774697,91244,874055,93393,865941,967448
202011,우이신설선,성신여대입구(돈암) 우이신설,57101,23938,67600,23173,81039,90773
202010,우이신설선,성신여대입구(돈암) 우이신설,56047,24374,67783,23579,80421,91362
202009,우이신설선,성신여대입구(돈암) 우이신설,46336,21089,54482,20451,67425,74933
202008,우이신설선,성신여대입구(돈암) 우이신설,50143,20512,61005,19119,70655,80124
202007,우이신설선,성신여대입구(돈암) 우이신설,61413,25499,74532,24984,86912,99516
202011,4호선,성신여대입구(돈암) 4호선,463025,70467,441812,68677,533492,510489
202010,4호선,성신여대입구(돈암) 4호선,455337,70962,436222,68692,526299,504914
202009,4호선,성신여대입구(돈암) 4호선,379778,60558,362669,58628,440336,421297
202008,4호선,성신여대입구(돈암) 4호선,406673,61448,389055,60820,468121,449875
202007,4호선,성신여대입구(돈암) 4호선,496555,75848,476680,73740,572403,550420
202011,경부선,성환,85228,14254,85487,14730,99482,100217
202010,경부선,성환,87542,15960,86745,16406,103502,103151
202009,경부선,성환,74388,14860,73405,15245,89248,88650
202008,경부선,성환,64595,16077,64535,16224,80672,80759
202007,경부선,성환,75834,18864,74444,18874,94698,93318
202011,경부선,세류,69375,12669,65188,12355,82044,77543
202010,경부선,세류,70408,13299,66272,13018,83707,79290
202009,경부선,세류,59439,10938,56765,10669,70377,67434
202008,경부선,세류,62451,11177,59088,10908,73628,69996
202007,경부선,세류,73943,13625,68876,13300,87568,82176
202011,경부선,세마,55092,11828,49733,10925,66920,60658
202010,경부선,세마,55724,12440,50471,11381,68164,61852
202009,경부선,세마,46620,10201,42657,9420,56821,52077
202008,경부선,세마,48644,10514,44276,9824,59158,54100
202007,경부선,세마,57780,12756,53039,11955,70536,64994
202011,경강선,세종대왕릉,5201,2592,5167,2711,7793,7878
202010,경강선,세종대왕릉,5656,3318,5542,3757,8974,9299
202009,경강선,세종대왕릉,4234,2418,4389,2469,6652,6858
202008,경강선,세종대왕릉,4168,1970,4063,1981,6138,6044
202007,경강선,세종대왕릉,5446,2767,5417,2705,8213,8122
202011,수인선,소래포구,98041,55841,94116,54703,153882,148819
202010,수인선,소래포구,118021,83196,116103,82215,201217,198318
202009,수인선,소래포구,89341,50668,88355,50207,140009,138562
202008,수인선,소래포구,75017,32196,70749,31488,107213,102237
202007,수인선,소래포구,89899,39822,83255,38824,129721,122079
202011,경인선,소사,206283,56141,196210,55146,262424,251356
202010,경인선,소사,205461,57565,193117,56400,263026,249517
202009,경인선,소사,174305,48912,167004,47995,223217,214999
202008,경인선,소사,177273,51958,168274,50069,229231,218343
202007,경인선,소사,207478,59395,196856,57985,266873,254841
202011,경원선,소요산,34546,58648,27980,51959,93194,79939
202010,경원선,소요산,42081,79369,33233,70490,121450,103723
202009,경원선,소요산,27144,58795,21789,52282,85939,74071
202008,경원선,소요산,27898,55630,21049,50165,83528,71214
202007,경원선,소요산,34755,67678,27187,59686,102433,86873
202011,우이신설선,솔밭공원,38245,22966,35099,23877,61211,58976
202010,우이신설선,솔밭공원,37235,24594,33812,25641,61829,59453
202009,우이신설선,솔밭공원,32745,21576,30529,22694,54321,53223
202008,우이신설선,솔밭공원,33727,21356,30598,22527,55083,53125
202007,우이신설선,솔밭공원,40638,25015,36727,26600,65653,63327
202011,우이신설선,솔샘,113195,30941,101260,31595,144136,132855
202010,우이신설선,솔샘,109557,31090,96989,31851,140647,128840
202009,우이신설선,솔샘,95595,26979,86303,27811,122574,114114
202008,우이신설선,솔샘,98418,26703,87360,27454,125121,114814
202007,우이신설선,솔샘,122259,32478,107971,33476,154737,141447
202011,경인선,송내,629422,96814,625808,95841,726236,721649
202010,경인선,송내,619682,100604,613937,99429,720286,713366
202009,경인선,송내,534498,85876,533689,84733,620374,618422
202008,경인선,송내,559717,87853,555085,86931,647570,642016
202007,경인선,송내,675876,103194,669376,101972,779070,771348
202011,수인선,송도,49263,17594,44279,17257,66857,61536
202010,수인선,송도,51105,19532,45361,18969,70637,64330
202009,수인선,송도,41402,16155,37404,15860,57557,53264
202008,수인선,송도,39753,15097,36553,14947,54850,51500
202007,수인선,송도,48717,17856,44283,17665,66573,61948
202011,5호선,송정,134698,41281,125118,40024,175979,165142
202010,5호선,송정,134072,43268,124299,42073,177340,166372
202009,5호선,송정,117398,37395,108909,36432,154793,145341
202008,5호선,송정,124801,38245,115106,37059,163046,152165
202007,5호선,송정,145168,44282,133276,42541,189450,175817
202011,경부선,송탄,103288,17554,98846,16945,120842,115791
202010,경부선,송탄,105938,18057,100101,17412,123995,117513
202009,경부선,송탄,84955,14993,79093,14588,99948,93681
202008,경부선,송탄,88331,15152,83742,14666,103483,98408
202007,경부선,송탄,103067,18487,96988,17958,121554,114946
202011,8호선,송파,164497,44351,162872,43857,208848,206729
202010,8호선,송파,160857,43826,158146,43578,204683,201724
202009,8호선,송파,146142,38081,142874,37859,184223,180733
202008,8호선,송파,162805,40166,155454,39500,202971,194954
202007,8호선,송파,198128,47781,187346,47031,245909,234377
202011,9호선2~3단계,송파나루,94348,19923,98044,20048,114271,118092
202010,9호선2~3단계,송파나루,90855,18939,95559,19285,109794,114844
202009,9호선2~3단계,송파나루,76489,16967,80881,17485,93456,98366
202008,9호선2~3단계,송파나루,84769,18720,90694,19642,103489,110336
202007,9호선2~3단계,송파나루,98659,21080,107914,21926,119739,129840
202011,분당선,수내,267493,60717,267758,58554,328210,326312
202010,분당선,수내,254540,61396,255762,59459,315936,315221
202009,분당선,수내,223999,50427,225302,48738,274426,274040
202008,분당선,수내,239477,50667,239591,48940,290144,288531
202007,분당선,수내,289186,61912,289693,59543,351098,349236
202011,7호선,수락산,261616,75109,255747,75584,336725,331331
202010,7호선,수락산,262270,81159,255113,81609,343429,336722
202009,7호선,수락산,228867,67858,227375,68500,296725,295875
202008,7호선,수락산,238036,69368,235842,69996,307404,305838
202007,7호선,수락산,279617,82427,274771,83321,362044,358092
202011,안산선,수리산,83942,26556,65131,25111,110498,90242
202010,안산선,수리산,82472,27445,65859,26183,109917,92042
202009,안산선,수리산,73339,24202,57671,22646,97541,80317
202008,안산선,수리산,73054,23369,55654,21027,96423,76681
202007,안산선,수리산,89663,27237,68161,25729,116900,93890
202011,경의선,수색,51481,12239,52130,12287,63720,64417
202010,경의선,수색,48828,12514,49654,12517,61342,62171
202009,경의선,수색,41847,11045,42324,10769,52892,53093
202008,경의선,수색,40833,10593,41212,10411,51426,51623
202007,경의선,수색,50808,12381,53030,12296,63189,65326
202011,분당선,수서(분당선),307017,53192,314594,54579,360209,369173
202010,분당선,수서(분당선),296940,53041,298689,54950,349981,353639
202009,분당선,수서(분당선),242633,43715,255712,44905,286348,300617
202008,분당선,수서(분당선),280117,45011,285623,46352,325128,331975
202007,분당선,수서(분당선),337258,54507,345876,56393,391765,402269
202011,3호선,수서(3호선),362084,86586,366403,85232,448670,451635
202010,3호선,수서(3호선),348323,84981,346480,83512,433304,429992
202009,3호선,수서(3호선),282943,72874,292806,71784,355817,364590
202008,3호선,수서(3호선),320578,75443,324943,73894,396021,398837
202007,3호선,수서(3호선),385807,90146,392246,88690,475953,480936
202011,분당선,수원(분당선),198916,24868,159443,20899,223784,180342
202010,분당선,수원(분당선),202627,27487,159768,24315,230114,184083
202009,분당선,수원(분당선),159994,22804,121071,18606,182798,139677
202008,분당선,수원(분당선),163825,18963,116487,12702,182788,129189
202007,분당선,수원(분당선),196293,22266,138774,14486,218559,153260
202011,경부선,수원(경부선),873149,109696,921798,113795,982845,1035593
202010,경부선,수원(경부선),907033,118668,957603,122163,1025701,1079766
202009,경부선,수원(경부선),701870,96093,753012,100075,797963,853087
202008,경부선,수원(경부선),792685,100610,840282,105569,893295,945851
202007,경부선,수원(경부선),922921,117654,983112,124250,1040575,1107362
202011,분당선,수원시청,289239,32097,318774,32489,321336,351263
202010,분당선,수원시청,279499,32975,317025,33187,312474,350212
202009,분당선,수원시청,223941,27091,246316,27426,251032,273742
202008,분당선,수원시청,234617,26044,262712,26053,260661,288765
202007,분당선,수원시청,278327,31005,316869,31281,309332,348150
202011,4호선,수유(강북구청),737253,161766,727278,161629,899019,888907
202010,4호선,수유(강북구청),724327,165326,715749,164634,889653,880383
202009,4호선,수유(강북구청),641952,144716,628973,143489,786668,772462
202008,4호선,수유(강북구청),673434,147463,661406,146354,820897,807760
202007,4호선,수유(강북구청),792970,175440,778651,174303,968410,952954
202011,8호선,수진,97323,36669,85834,36940,133992,122774
202010,8호선,수진,95163,37679,83349,37338,132842,120687
202009,8호선,수진,84283,32189,74601,31905,116472,106506
202008,8호선,수진,89730,33888,78954,33177,123618,112131
202007,8호선,수진,104146,38038,91655,37605,142184,129260
202011,4호선,숙대입구(갈월),294013,42888,290527,40369,336901,330896
202010,4호선,숙대입구(갈월),281588,43067,277986,40342,324655,318328
202009,4호선,숙대입구(갈월),241831,38459,238421,35983,280290,274404
202008,4호선,숙대입구(갈월),259440,38835,256913,36388,298275,293301
202007,4호선,숙대입구(갈월),315700,45769,309832,42439,361469,352271
202011,7호선,숭실대입구(살피재),268245,47022,268859,48726,315267,317585
202010,7호선,숭실대입구(살피재),267639,47537,267780,49240,315176,317020
202009,7호선,숭실대입구(살피재),227079,40850,226246,41959,267929,268205
202008,7호선,숭실대입구(살피재),233170,41694,230497,43041,274864,273538
202007,7호선,숭실대입구(살피재),274908,49247,271307,50869,324155,322176
202011,수인선,숭의,74909,23033,69289,22181,97942,91470
202010,수인선,숭의,74024,23906,68676,23096,97930,91772
202009,수인선,숭의,65176,20665,60040,20108,85841,80148
202008,수인선,숭의,62051,19808,57702,19182,81859,76884
202007,수인선,숭의,73265,22736,67689,21923,96001,89612
202011,2호선,시청(2호선),524632,44104,511719,39821,568736,551540
202010,2호선,시청(2호선),480522,40673,468990,36790,521195,505780
202009,2호선,시청(2호선),431147,35332,424000,31482,466479,455482
202008,2호선,시청(2호선),452342,39799,448649,35603,492141,484252
202007,2호선,시청(2호선),559328,47257,554335,43099,606585,597434
202011,1호선,시청(1호선),470299,61681,476546,59054,531980,535600
202010,1호선,시청(1호선),432235,59314,441369,56895,491549,498264
202009,1호선,시청(1호선),376545,50389,376445,47503,426934,423948
202008,1호선,시청(1호선),398000,61177,400278,59104,459177,459382
202007,1호선,시청(1호선),491470,67640,507259,66567,559110,573826
202011,분당선,신갈,90322,22985,88961,22717,113307,111678
202010,분당선,신갈,88873,22985,87102,23042,111858,110144
202009,분당선,신갈,75238,17793,73842,17978,93031,91820
202008,분당선,신갈,81497,18542,79414,18365,100039,97779
202007,분당선,신갈,101824,23259,98319,23254,125083,121573
202011,5호선,신금호,130681,30062,130882,33742,160743,164624
202010,5호선,신금호,126788,30572,125818,34505,157360,160323
202009,5호선,신금호,111317,26398,111241,29892,137715,141133
202008,5호선,신금호,114456,26719,113098,29943,141175,143041
202007,5호선,신금호,140357,31577,138260,35395,171934,173655
202011,경부선,신길(경부선),212274,37925,175566,35021,250199,210587
202010,경부선,신길(경부선),206792,37551,170857,34244,244343,205101
202009,경부선,신길(경부선),184247,31122,150585,28611,215369,179196
202008,경부선,신길(경부선),189375,32376,154032,29926,221751,183958
202007,경부선,신길(경부선),220648,38641,181859,35431,259289,217290
202011,5호선,신길(5호선),89613,9825,97353,10122,99438,107475
202010,5호선,신길(5호선),84190,9824,90730,10172,94014,100902
202009,5호선,신길(5호선),74275,8346,80331,8776,82621,89107
202008,5호선,신길(5호선),76796,8769,82866,9114,85565,91980
202007,5호선,신길(5호선),89002,10178,95940,10495,99180,106435
202011,안산선,신길온천,37361,8535,33845,8366,45896,42211
202010,안산선,신길온천,37548,9344,33915,9186,46892,43101
202009,안산선,신길온천,30909,8148,28143,7922,39057,36065
202008,안산선,신길온천,30510,7389,27285,7199,37899,34484
202007,안산선,신길온천,35878,8552,32153,8252,44430,40405
202011,경춘선,신내(경춘선),29018,11530,29223,11263,40548,40486
202010,경춘선,신내(경춘선),28068,11993,28765,11788,40061,40553
202009,경춘선,신내(경춘선),23172,10118,24456,9970,33290,34426
202008,경춘선,신내(경춘선),22743,9245,23421,9450,31988,32871
202007,경춘선,신내(경춘선),28867,12270,28986,12006,41137,40992
202011,6호선,신내(6호선),5,0,0,0,5,0
202010,6호선,신내(6호선),5,0,0,0,5,0
202009,6호선,신내(6호선),5,0,0,0,5,0
202008,6호선,신내(6호선),9,1,0,0,10,0
202007,6호선,신내(6호선),6,0,0,0,6,0
202011,9호선,신논현,746935,50327,759289,47134,797262,806423
202010,9호선,신논현,721968,48678,745415,45843,770646,791258
202009,9호선,신논현,599905,42277,606781,39119,642182,645900
202008,9호선,신논현,690964,44773,710780,42374,735737,753154
202007,9호선,신논현,841796,51909,872335,49150,893705,921485
202011,2호선,신답,31542,8176,35430,8703,39718,44133
202010,2호선,신답,29769,8586,33773,9157,38355,42930
202009,2호선,신답,26411,7873,30856,8223,34284,39079
202008,2호선,신답,28596,7582,33010,8031,36178,41041
202007,2호선,신답,34317,8826,38556,9499,43143,48055
202011,6호선,신당(6호선),174427,29744,184829,28391,204171,213220
202010,6호선,신당(6호선),164875,29540,175296,27721,194415,203017
202009,6호선,신당(6호선),149857,25687,162163,24316,175544,186479
202008,6호선,신당(6호선),148717,24900,158865,23871,173617,182736
202007,6호선,신당(6호선),184043,29277,199625,27886,213320,227511
202011,2호선,신당(2호선),280186,81594,287757,83765,361780,371522
202010,2호선,신당(2호선),275287,82584,280942,85258,357871,366200
202009,2호선,신당(2호선),246284,75735,250421,77857,322019,328278
202008,2호선,신당(2호선),252396,73105,258180,75129,325501,333309
202007,2호선,신당(2호선),301709,84703,305216,87407,386412,392623
202011,2호선,신대방,591781,103161,565130,104167,694942,669297
202010,2호선,신대방,586090,105157,556840,106391,691247,663231
202009,2호선,신대방,529607,91842,503697,93075,621449,596772
202008,2호선,신대방,555967,92410,524728,94170,648377,618898
202007,2호선,신대방,638722,106695,601157,107890,745417,709047
202011,7호선,신대방삼거리,353669,71723,334341,73753,425392,408094
202010,7호선,신대방삼거리,344133,71277,324005,72818,415410,396823
202009,7호선,신대방삼거리,313709,63906,294346,66216,377615,360562
202008,7호선,신대방삼거리,325245,66014,304493,68281,391259,372774
202007,7호선,신대방삼거리,379887,73614,352779,74899,453501,427678
202011,경부선,신도림(경부선),88187,21413,88251,24374,109600,112625
202010,경부선,신도림(경부선),86208,22429,86637,24783,108637,111420
202009,경부선,신도림(경부선),74383,19290,72467,20909,93673,93376
202008,경부선,신도림(경부선),74258,18483,75271,20266,92741,95537
202007,경부선,신도림(경부선),91041,22361,91441,24499,113402,115940
202011,2호선,신도림(2호선),1149172,160860,1139108,151174,1310032,1290282
202010,2호선,신도림(2호선),1126074,159472,1120633,150880,1285546,1271513
202009,2호선,신도림(2호선),970462,137427,950750,129589,1107889,1080339
202008,2호선,신도림(2호선),1064583,147420,1054120,139438,1212003,1193558
202007,2호선,신도림(2호선),1267057,170396,1258159,161262,1437453,1419421
202011,경강선,신둔도예촌,29110,5496,26670,5453,34606,32123
202010,경강선,신둔도예촌,27545,5845,25135,5762,33390,30897
202009,경강선,신둔도예촌,20525,4633,19521,4517,25158,24038
202008,경강선,신둔도예촌,26490,5449,27240,5456,31939,32696
202007,경강선,신둔도예촌,26249,5530,24152,5363,31779,29515
202011,2호선,신림,1494668,185327,1430345,187900,1679995,1618245
202010,2호선,신림,1465312,186915,1406394,189272,1652227,1595666
202009,2호선,신림,1313103,163147,1249688,165747,1476250,1415435
202008,2호선,신림,1399828,167892,1340234,170506,1567720,1510740
202007,2호선,신림,1607404,190252,1531241,192709,1797656,1723950
202011,9호선,신목동,82365,17124,72367,16008,99489,88375
202010,9호선,신목동,79634,16926,69800,15913,96560,85713
202009,9호선,신목동,68269,13840,60736,13040,82109,73776
202008,9호선,신목동,74802,13726,66716,13070,88528,79786
202007,9호선,신목동,91138,16729,79982,16011,107867,95993
202011,9호선,신반포,61198,15178,61116,15134,76376,76250
202010,9호선,신반포,57935,14793,57938,14657,72728,72595
202009,9호선,신반포,48932,12583,48783,12425,61515,61208
202008,9호선,신반포,53942,13049,53168,12981,66991,66149
202007,9호선,신반포,63687,15656,63478,15295,79343,78773
202011,9호선,신방화,137050,35390,131291,35436,172440,166727
202010,9호선,신방화,132471,35628,125984,35675,168099,161659
202009,9호선,신방화,117114,31927,113049,31784,149041,144833
202008,9호선,신방화,124683,32168,120133,32425,156851,152558
202007,9호선,신방화,147240,36873,140449,37137,184113,177586
202011,3호선,신사,715359,60530,772488,57961,775889,830449
202010,3호선,신사,690782,58889,758622,56565,749671,815187
202009,3호선,신사,589589,52067,634604,49201,641656,683805
202008,3호선,신사,635804,53750,695474,51490,689554,746964
202007,3호선,신사,780435,63921,858004,61440,844356,919444
202011,우이신설선,신설동(우이신설),34911,22695,36311,19995,57606,56306
202010,우이신설선,신설동(우이신설),34202,22702,35228,20195,56904,55423
202009,우이신설선,신설동(우이신설),30836,19293,31742,17142,50129,48884
202008,우이신설선,신설동(우이신설),30056,18234,31205,16212,48290,47417
202007,우이신설선,신설동(우이신설),37018,22793,38221,20370,59811,58591
202011,1호선,신설동(1호선),263272,100228,252254,93219,363500,345473
202010,1호선,신설동(1호선),254511,104533,256538,100200,359044,356738
202009,1호선,신설동(1호선),226849,92148,227364,88012,318997,315376
202008,1호선,신설동(1호선),229665,87162,229554,83945,316827,313499
202007,1호선,신설동(1호선),286150,108173,286122,103904,394323,390026
202011,2호선,신설동(2호선),65287,28129,60111,29147,93416,89258
202010,2호선,신설동(2호선),60815,29007,56390,30596,89822,86986
202009,2호선,신설동(2호선),53257,24514,50166,26510,77771,76676
202008,2호선,신설동(2호선),54456,22991,52209,24493,77447,76702
202007,2호선,신설동(2호선),66920,28641,62588,30215,95561,92803
202011,4호선,신용산,355043,42419,376166,42675,397462,418841
202010,4호선,신용산,332911,41228,350931,41471,374139,392402
202009,4호선,신용산,280838,36237,300060,36073,317075,336133
202008,4호선,신용산,311140,36409,331940,35950,347549,367890
202007,4호선,신용산,380874,42722,404363,42433,423596,446796
202011,중앙선,신원,3160,2969,2777,2475,6129,5252
202010,중앙선,신원,4648,4509,3287,3819,9157,7106
202009,중앙선,신원,3622,4363,2598,3876,7985,6474
202008,중앙선,신원,2311,2375,2004,2000,4686,4004
202007,중앙선,신원,3462,3099,2781,2621,6561,5402
202011,경원선,신이문,170290,56499,153038,55168,226789,208206
202010,경원선,신이문,167124,57882,148943,56544,225006,205487
202009,경원선,신이문,149148,52625,134888,51630,201773,186518
202008,경원선,신이문,151670,49928,138339,49503,201598,187842
202007,경원선,신이문,187229,59273,164795,57844,246502,222639
202011,5호선,신정(은행정),312061,50220,236814,48169,362281,284983
202010,5호선,신정(은행정),300983,50719,228494,48785,351702,277279
202009,5호선,신정(은행정),268313,44970,205106,43537,313283,248643
202008,5호선,신정(은행정),280072,46072,212036,44393,326144,256429
202007,5호선,신정(은행정),331250,52317,248177,49990,383567,298167
202011,2호선,신정네거리,198302,55405,202836,57267,253707,260103
202010,2호선,신정네거리,194405,56944,197908,58332,251349,256240
202009,2호선,신정네거리,169032,50427,174219,51796,219459,226015
202008,2호선,신정네거리,178375,50685,183342,52172,229060,235514
202007,2호선,신정네거리,210103,59019,215072,60315,269122,275387
202011,7호선,신중동,317742,42916,315788,41602,360658,357390
202010,7호선,신중동,309256,44248,309516,42435,353504,351951
202009,7호선,신중동,276061,37459,275630,35872,313520,311502
202008,7호선,신중동,290823,39209,290305,37490,330032,327795
202007,7호선,신중동,345357,46257,346427,44482,391614,390909
202011,장항선,신창(순천향대),38888,5286,38927,4923,44174,43850
202010,장항선,신창(순천향대),39144,6770,37577,6482,45914,44059
202009,장항선,신창(순천향대),26624,5277,25426,5097,31901,30523
202008,장항선,신창(순천향대),23993,5576,24077,5315,29569,29392
202007,장항선,신창(순천향대),33908,6018,31950,5722,39926,37672
202011,2호선,신촌(2호선),754575,100891,787856,98402,855466,886258
202010,2호선,신촌(2호선),745935,100277,787400,98415,846212,885815
202009,2호선,신촌(2호선),596545,85443,626474,82790,681988,709264
202008,2호선,신촌(2호선),736431,91577,773334,89473,828008,862807
202007,2호선,신촌(2호선),880510,110215,933176,108430,990725,1041606
202011,경의선,신촌(경의선),16537,3137,21510,3498,19674,25008
202010,경의선,신촌(경의선),16102,3048,20623,3429,19150,24052
202009,경의선,신촌(경의선),13204,2786,16991,2877,15990,19868
202008,경의선,신촌(경의선),14138,2666,18190,2779,16804,20969
202007,경의선,신촌(경의선),17857,3245,23657,3568,21102,27225
202011,수인선,신포,35320,10420,35825,10733,45740,46558
202010,수인선,신포,36356,11331,36755,11534,47687,48289
202009,수인선,신포,28850,9599,29672,9844,38449,39516
202008,수인선,신포,27819,9340,28965,9437,37159,38402
202007,수인선,신포,35293,10543,37002,10954,45836,47956
202011,7호선,신풍,246945,53698,231102,54479,300643,285581
202010,7호선,신풍,237406,54051,220346,54132,291457,274478
202009,7호선,신풍,211254,46133,197057,47087,257387,244144
202008,7호선,신풍,218857,47184,204147,47961,266041,252108
202007,7호선,신풍,251166,54396,233779,55177,305562,288956
202011,8호선,신흥,84560,32892,89958,34131,117452,124089
202010,8호선,신흥,83195,33194,89534,34271,116389,123805
202009,8호선,신흥,73620,29303,78687,30688,102923,109375
202008,8호선,신흥,80577,30574,85957,32162,111151,118119
202007,8호선,신흥,92080,34338,98109,35926,126418,134035
202011,4호선,쌍문,649517,131566,573798,128776,781083,702574
202010,4호선,쌍문,633820,132840,555907,130200,766660,686107
202009,4호선,쌍문,565021,115673,503107,114075,680694,617182
202008,4호선,쌍문,593336,116645,522617,114769,709981,637386
202007,4호선,쌍문,705302,139353,614557,137057,844655,751614
202011,장항선,쌍용(나사렛대),41642,8748,38991,8281,50390,47272
202010,장항선,쌍용(나사렛대),45290,10332,42666,9888,55622,52554
202009,장항선,쌍용(나사렛대),34647,8026,32010,7708,42673,39718
202008,장항선,쌍용(나사렛대),32874,8336,30626,7993,41210,38619
202007,장항선,쌍용(나사렛대),40460,10333,37666,9826,50793,47492
202011,장항선,아산,71705,8184,63511,7628,79889,71139
202010,장항선,아산,71494,9010,63007,8390,80504,71397
202009,장항선,아산,52747,7597,49359,7219,60344,56578
202008,장항선,아산,59582,7641,53049,7285,67223,60334
202007,장항선,아산,67257,8731,62373,8286,75988,70659
202011,중앙선,아신,10494,4532,10820,4485,15026,15305
202010,중앙선,아신,12328,5685,11970,5692,18013,17662
202009,중앙선,아신,9450,4511,9446,4400,13961,13846
202008,중앙선,아신,9685,3989,9345,3897,13674,13242
202007,중앙선,아신,12119,5232,11799,5231,17351,17030
202011,5호선,아차산(어린이대공원후문),297560,79223,291250,77855,376783,369105
202010,5호선,아차산(어린이대공원후문),305287,84813,300439,83069,390100,383508
202009,5호선,아차산(어린이대공원후문),260800,70063,257716,68667,330863,326383
202008,5호선,아차산(어린이대공원후문),263101,68508,257017,67375,331609,324392
202007,5호선,아차산(어린이대공원후문),319358,82940,307533,81403,402298,388936
202011,2호선,아현,213880,53933,201713,53299,267813,255012
202010,2호선,아현,207859,53904,194812,53169,261763,247981
202009,2호선,아현,180480,48276,170677,48038,228756,218715
202008,2호선,아현,183828,47428,172397,46985,231256,219382
202007,2호선,아현,221818,54904,205917,54343,276722,260260
202011,3호선,안국,450527,67847,477168,70133,518374,547301
202010,3호선,안국,428902,64268,464603,67354,493170,531957
202009,3호선,안국,332167,45225,352114,45713,377392,397827
202008,3호선,안국,367313,52438,385113,53000,419751,438113
202007,3호선,안국,473205,65871,500930,66917,539076,567847
202011,안산선,안산,299881,31740,270647,28483,331621,299130
202010,안산선,안산,312411,32685,279465,29638,345096,309103
202009,안산선,안산,265909,29069,243917,26268,294978,270185
202008,안산선,안산,271538,27611,249955,25187,299149,275142
202007,안산선,안산,299937,31645,272652,28816,331582,301468
202011,6호선,안암(고대병원앞),227089,28287,229363,27389,255376,256752
202010,6호선,안암(고대병원앞),225625,28111,230691,26767,253736,257458
202009,6호선,안암(고대병원앞),191710,25074,191430,23460,216784,214890
202008,6호선,안암(고대병원앞),198653,25233,201068,23857,223886,224925
202007,6호선,안암(고대병원앞),254710,31232,257058,29639,285942,286697
202011,경부선,안양,539624,88933,537354,92281,628557,629635
202010,경부선,안양,539695,92323,534810,95859,632018,630669
202009,경부선,안양,415857,78328,415220,82266,494185,497486
202008,경부선,안양,433973,80529,429228,83552,514502,512780
202007,경부선,안양,526729,95659,520961,99176,622388,620137
202011,8호선,암사,401294,84250,348213,83004,485544,431217
202010,8호선,암사,388968,84985,334643,83461,473953,418104
202009,8호선,암사,346089,74566,300557,73615,420655,374172
202008,8호선,암사,361310,75445,313192,74648,436755,387840
202007,8호선,암사,430969,87900,366892,87028,518869,453920
202011,3호선,압구정,686391,107288,748014,104198,793679,852212
202010,3호선,압구정,668067,105733,734324,103566,773800,837890
202009,3호선,압구정,605612,90593,654174,87743,696205,741917
202008,3호선,압구정,646521,92898,702626,90153,739419,792779
202007,3호선,압구정,766312,111665,838561,109059,877977,947620
202011,분당선,압구정로데오,407310,37245,471325,36238,444555,507563
202010,분당선,압구정로데오,392115,37087,465928,35932,429202,501860
202009,분당선,압구정로데오,345308,32727,394981,31322,378035,426303
202008,분당선,압구정로데오,376021,33249,440199,31923,409270,472122
202007,분당선,압구정로데오,441879,38841,524783,37558,480720,562341
202011,5호선,애오개,141364,29997,142286,29421,171361,171707
202010,5호선,애오개,135596,29299,136278,28548,164895,164826
202009,5호선,애오개,121642,25870,122476,25210,147512,147686
202008,5호선,애오개,129197,26810,130607,26066,156007,156673
202007,5호선,애오개,158376,31354,159162,30422,189730,189584
202011,경의선,야당,133404,25879,129242,25197,159283,154439
202010,경의선,야당,132781,26802,128550,25945,159583,154495
202009,경의선,야당,103962,22173,99545,21707,126135,121252
202008,경의선,야당,106907,20858,101431,20502,127765,121933
202007,경의선,야당,139617,27230,133551,26598,166847,160149
202011,수인선,야목,4081,1214,3504,1086,5295,4590
202010,수인선,야목,4163,1602,3747,1596,5765,5343
202009,수인선,야목,2612,1295,2557,1301,3907,3858
202011,분당선,야탑,539646,117525,572368,117471,657171,689839
202010,분당선,야탑,527001,119208,555862,119075,646209,674937
202009,분당선,야탑,444504,97907,473597,97845,542411,571442
202008,분당선,야탑,475946,100421,505151,99990,576367,605141
202007,분당선,야탑,580679,121601,614713,122256,702280,736969
202011,3호선,약수(3호선),269779,68603,266775,65561,338382,332336
202010,3호선,약수(3호선),262711,68761,258390,65088,331472,323478
202009,3호선,약수(3호선),230144,60179,225844,57375,290323,283219
202008,3호선,약수(3호선),242647,61415,238119,59062,304062,297181
202007,3호선,약수(3호선),294465,72259,288980,69315,366724,358295
202011,6호선,약수(6호선),74552,19217,74578,18389,93769,92967
202010,6호선,약수(6호선),70199,18642,71667,18233,88841,89900
202009,6호선,약수(6호선),62545,17166,62216,16402,79711,78618
202008,6호선,약수(6호선),65817,17420,65474,16308,83237,81782
202007,6호선,약수(6호선),78864,19574,79752,18883,98438,98635
202011,중앙선,양수,34359,16290,34549,16534,50649,51083
202010,중앙선,양수,41508,21080,40669,21167,62588,61836
202009,중앙선,양수,30850,16603,31282,16887,47453,48169
202008,중앙선,양수,30258,15131,30183,15461,45389,45644
202007,중앙선,양수,46255,27003,46515,27408,73258,73923
202011,중앙선,양원,30488,13241,30998,13338,43729,44336
202010,중앙선,양원,31056,13852,31701,14056,44908,45757
202009,중앙선,양원,25960,11858,27021,11991,37818,39012
202008,중앙선,양원,26696,11614,27174,11843,38310,39017
202007,중앙선,양원,34506,13688,35427,13994,48194,49421
202011,3호선,양재(서초구청),849979,122491,932695,122921,972470,1055616
202010,3호선,양재(서초구청),798009,119977,880993,121485,917986,1002478
202009,3호선,양재(서초구청),708346,97495,771600,98649,805841,870249
202008,3호선,양재(서초구청),733818,105084,805156,105871,838902,911027
202007,3호선,양재(서초구청),908486,128820,997997,129809,1037306,1127806
202011,중앙선,양정,14302,7148,12064,6523,21450,18587
202010,중앙선,양정,14847,9590,12715,8881,24437,21596
202009,중앙선,양정,13425,7499,11774,6971,20924,18745
202008,중앙선,양정,13238,6990,11257,6281,20228,17538
202007,중앙선,양정,16003,8275,13508,7369,24278,20877
202011,경원선,양주,161097,43783,148502,42995,204880,191497
202010,경원선,양주,163247,50546,149790,50265,213793,200055
202009,경원선,양주,136609,42581,127737,41960,179190,169697
202008,경원선,양주,140317,39419,128797,38776,179736,167573
202007,경원선,양주,169262,50447,154843,49419,219709,204262
202011,2호선,양천구청,135840,37410,143592,38202,173250,181794
202010,2호선,양천구청,133325,37460,138965,38111,170785,177076
202009,2호선,양천구청,113528,32253,120579,32888,145781,153467
202008,2호선,양천구청,120212,32127,126726,32973,152339,159699
202007,2호선,양천구청,148840,38296,154805,39224,187136,194029
202011,9호선,양천향교,201520,35860,205282,35505,237380,240787
202010,9호선,양천향교,190226,36369,193264,36114,226595,229378
202009,9호선,양천향교,169114,32455,172827,32163,201569,204990
202008,9호선,양천향교,175768,33042,180166,33063,208810,213229
202007,9호선,양천향교,201860,37172,205704,37202,239032,242906
202011,5호선,양평(5호선),157824,23867,155971,23550,181691,179521
202010,5호선,양평(5호선),148369,23030,146680,22673,171399,169353
202009,5호선,양평(5호선),135986,21381,135155,21190,157367,156345
202008,5호선,양평(5호선),139999,21742,139257,21522,161741,160779
202007,5호선,양평(5호선),170391,25521,167752,25283,195912,193035
202011,중앙선,양평(중앙선),49474,24709,50183,25293,74183,75476
202010,중앙선,양평(중앙선),56139,29111,54235,29367,85250,83602
202009,중앙선,양평(중앙선),41774,22713,42108,22888,64487,64996
202008,중앙선,양평(중앙선),46154,22012,45614,22119,68166,67733
202007,중앙선,양평(중앙선),56899,27676,57230,28063,84575,85293
202011,7호선,어린이대공원(세종대),295510,32014,290210,31788,327524,321998
202010,7호선,어린이대공원(세종대),277963,33254,274707,32916,311217,307623
202009,7호선,어린이대공원(세종대),234848,27639,225564,26913,262487,252477
202008,7호선,어린이대공원(세종대),239834,28281,229980,27714,268115,257694
202007,7호선,어린이대공원(세종대),281089,34357,270270,33757,315446,304027
202011,수인선,어천,12559,2826,11691,2994,15385,14685
202010,수인선,어천,11869,3216,10839,3361,15085,14200
202009,수인선,어천,6117,2024,5712,2004,8141,7716
202011,9호선2~3단계,언주,218032,21553,221298,21398,239585,242696
202010,9호선2~3단계,언주,202933,20938,208251,20937,223871,229188
202009,9호선2~3단계,언주,187049,18717,187455,18391,205766,205846
202008,9호선2~3단계,언주,201816,19606,203982,19113,221422,223095
202007,9호선2~3단계,언주,234097,22587,236474,22390,256684,258864
202011,5호선,여의나루,173856,21091,178613,20137,194947,198750
202010,5호선,여의나루,205729,21587,211729,20485,227316,232214
202009,5호선,여의나루,159190,17425,162430,16656,176615,179086
202008,5호선,여의나루,148702,19350,151867,18513,168052,170380
202007,5호선,여의나루,265657,24096,267869,22934,289753,290803
202011,5호선,여의도(5호선),572828,41185,610816,38568,614013,649384
202010,5호선,여의도(5호선),528059,39958,567154,37409,568017,604563
202009,5호선,여의도(5호선),479847,35798,511308,32997,515645,544305
202008,5호선,여의도(5호선),505514,37847,545413,35148,543361,580561
202007,5호선,여의도(5호선),619955,44980,670873,41780,664935,712653
202011,9호선,여의도(9호선),524073,34742,504168,32231,558815,536399
202010,9호선,여의도(9호선),493999,33390,480681,31247,527389,511928
202009,9호선,여의도(9호선),438847,28900,424358,26507,467747,450865
202008,9호선,여의도(9호선),481521,31142,464159,28520,512663,492679
202007,9호선,여의도(9호선),581812,37014,563844,34255,618826,598099
202011,경강선,여주,49885,11613,51031,11420,61498,62451
202010,경강선,여주,50148,14205,49380,13655,64353,63035
202009,경강선,여주,31944,9878,34523,9933,41822,44456
202008,경강선,여주,31995,9178,32987,9245,41173,42232
202007,경강선,여주,47826,12092,48416,12128,59918,60544
202011,경인선,역곡,613411,124077,599168,126405,737488,725573
202010,경인선,역곡,607674,127182,589822,128830,734856,718652
202009,경인선,역곡,509029,109236,501683,111389,618265,613072
202008,경인선,역곡,522934,110099,514657,112663,633033,627320
202007,경인선,역곡,626055,127317,612571,129796,753372,742367
202011,2호선,역삼,1053138,125579,1175501,126605,1178717,1302106
202010,2호선,역삼,963598,121859,1087474,123353,1085457,1210827
202009,2호선,역삼,888150,109201,986847,109433,997351,1096280
202008,2호선,역삼,968329,118570,1084179,119565,1086899,1203744
202007,2호선,역삼,1183290,137905,1334011,139474,1321195,1473485
202011,6호선,역촌,70604,27044,85342,25795,97648,111137
202010,6호선,역촌,68575,27438,83135,26335,96013,109470
202009,6호선,역촌,62342,24515,76060,23525,86857,99585
202008,6호선,역촌,66230,26172,78960,24691,92402,103651
202007,6호선,역촌,75703,30232,90766,28562,105935,119328
202011,수인선,연수,95387,23228,94387,22929,118615,117316
202010,수인선,연수,97118,23677,96732,23484,120795,120216
202009,수인선,연수,80840,20420,80508,20215,101260,100723
202008,수인선,연수,83132,20424,85098,20319,103556,105417
202007,수인선,연수,96899,23578,98767,23481,120477,122248
202011,3호선,연신내(3호선),784350,215557,727106,207004,999907,934110
202010,3호선,연신내(3호선),784466,222459,727440,212645,1006925,940085
202009,3호선,연신내(3호선),684600,195957,634595,188778,880557,823373
202008,3호선,연신내(3호선),715999,194981,667263,188214,910980,855477
202007,3호선,연신내(3호선),858013,230051,796213,221508,1088064,1017721
202011,6호선,연신내(6호선),13,2,0,0,15,0
202010,6호선,연신내(6호선),15,0,0,0,15,0
202009,6호선,연신내(6호선),16,1,0,0,17,0
202008,6호선,연신내(6호선),16,3,0,0,19,0
202007,6호선,연신내(6호선),16,6,0,0,22,0
202011,9호선,염창,378979,56759,369932,56053,435738,425985
202010,9호선,염창,369133,57802,357437,56787,426935,414224
202009,9호선,염창,322664,49284,313643,48576,371948,362219
202008,9호선,염창,348671,50974,335775,50654,399645,386429
202007,9호선,염창,408138,58556,391508,57884,466694,449392
202011,경부선,영등포,872835,190125,913628,189715,1062960,1103343
202010,경부선,영등포,870656,193709,915719,194152,1064365,1109871
202009,경부선,영등포,728234,152955,759419,151723,881189,911142
202008,경부선,영등포,825563,176196,861092,175283,1001759,1036375
202007,경부선,영등포,937670,194692,988647,194947,1132362,1183594
202011,2호선,영등포구청(2호선),493039,83498,501247,82124,576537,583371
202010,2호선,영등포구청(2호선),466416,81983,478453,81251,548399,559704
202009,2호선,영등포구청(2호선),421578,73345,429591,73116,494923,502707
202008,2호선,영등포구청(2호선),434911,74593,443502,73670,509504,517172
202007,2호선,영등포구청(2호선),520446,88933,532842,88388,609379,621230
202011,5호선,영등포구청(5호선),82123,17012,83332,16884,99135,100216
202010,5호선,영등포구청(5호선),79321,16902,79797,16532,96223,96329
202009,5호선,영등포구청(5호선),72479,15084,73198,14810,87563,88008
202008,5호선,영등포구청(5호선),73167,14745,73069,14450,87912,87519
202007,5호선,영등포구청(5호선),88749,18267,88600,17582,107016,106182
202011,5호선,영등포시장,184739,52155,192240,53104,236894,245344
202010,5호선,영등포시장,174227,50647,180978,51392,224874,232370
202009,5호선,영등포시장,154009,41864,158747,42839,195873,201586
202008,5호선,영등포시장,162480,46590,167060,47448,209070,214508
202007,5호선,영등포시장,191376,52508,198109,53324,243884,251433
202011,공항철도 1호선,영종,61730,14928,62265,15090,76658,77355
202010,공항철도 1호선,영종,63265,15953,64233,15969,79218,80202
202009,공항철도 1호선,영종,52452,13530,53507,13577,65982,67084
202008,공항철도 1호선,영종,58709,13215,58701,13236,71924,71937
202007,공항철도 1호선,영종,66388,15576,67320,15687,81964,83007
202011,분당선,영통,192206,22875,198003,23325,215081,221328
202010,분당선,영통,186750,22874,190519,22812,209624,213331
202009,분당선,영통,151145,18907,155233,18993,170052,174226
202008,분당선,영통,166782,19408,172011,19837,186190,191848
202007,분당선,영통,201499,22933,207462,23419,224432,230881
202011,3호선,오금(3호선),137124,23230,122454,22056,160354,144510
202010,3호선,오금(3호선),132462,23414,118645,22571,155876,141216
202009,3호선,오금(3호선),117244,19913,104274,19378,137157,123652
202008,3호선,오금(3호선),123680,20629,109753,19965,144309,129718
202007,3호선,오금(3호선),150690,25131,133650,23839,175821,157489
202011,5호선,오금(5호선),81444,15947,79248,15196,97391,94444
202010,5호선,오금(5호선),78516,16181,76095,15582,94697,91677
202009,5호선,오금(5호선),69583,14169,68239,13546,83752,81785
202008,5호선,오금(5호선),71579,14579,69683,14035,86158,83718
202007,5호선,오금(5호선),87212,16803,84238,16184,104015,100422
202011,경인선,오류동,241319,74353,222029,72374,315672,294403
202010,경인선,오류동,236849,74947,217005,72531,311796,289536
202009,경인선,오류동,207679,64511,192014,62943,272190,254957
202008,경인선,오류동,214871,65246,198296,63727,280117,262023
202007,경인선,오류동,252646,76233,232095,74790,328879,306885
202011,분당선,오리,238541,62135,201937,54430,300676,256367
202010,분당선,오리,230203,61695,194318,53362,291898,247680
202009,분당선,오리,202769,53044,170762,46725,255813,217487
202008,분당선,오리,211461,52495,179180,45412,263956,224592
202007,분당선,오리,256642,63888,217475,55075,320530,272550
202011,5호선,오목교(목동운동장앞),510814,69280,560059,68923,580094,628982
202010,5호선,오목교(목동운동장앞),496401,69527,543936,69294,565928,613230
202009,5호선,오목교(목동운동장앞),421927,59219,461903,58899,481146,520802
202008,5호선,오목교(목동운동장앞),463631,61430,508773,61103,525061,569876
202007,5호선,오목교(목동운동장앞),547435,73448,600481,73214,620883,673695
202011,수인선,오목천,56043,8176,48567,8260,64219,56827
202010,수인선,오목천,55467,8934,48415,8922,64401,57337
202009,수인선,오목천,26684,5233,24463,5430,31917,29893
202011,중앙선,오빈,4515,3158,4418,3304,7673,7722
202010,중앙선,오빈,5316,3714,4972,3890,9030,8862
202009,중앙선,오빈,3948,2984,3968,3072,6932,7040
202008,중앙선,오빈,4072,2850,3920,2903,6922,6823
202007,중앙선,오빈,5049,3626,5024,3622,8675,8646
202011,경부선,오산,227254,35127,222453,36173,262381,258626
202010,경부선,오산,231219,36608,225340,37653,267827,262993
202009,경부선,오산,187620,30253,185735,31418,217873,217153
202008,경부선,오산,195522,30232,195069,30535,225754,225604
202007,경부선,오산,225190,35969,221192,36884,261159,258076
202011,경부선,오산대,71715,13093,66290,12367,84808,78657
202010,경부선,오산대,75459,14833,70608,14248,90292,84856
202009,경부선,오산대,58960,11076,54816,10548,70036,65364
202008,경부선,오산대,58173,10494,53489,10014,68667,63503
202007,경부선,오산대,69029,13046,62501,12464,82075,74965
202011,안산선,오이도,205184,28704,199004,28212,233888,227216
202010,안산선,오이도,216649,35174,211640,35240,251823,246880
202009,안산선,오이도,177310,28228,174111,28049,205538,202160
202008,안산선,오이도,184389,29176,179154,28632,213565,207786
202007,안산선,오이도,219656,32339,212630,31684,251995,244314
202011,경원선,옥수(경원선),1459,82,834,73,1541,907
202010,경원선,옥수(경원선),1230,86,847,75,1316,922
202009,경원선,옥수(경원선),939,94,690,74,1033,764
202008,경원선,옥수(경원선),1083,80,852,85,1163,937
202007,경원선,옥수(경원선),1410,103,1065,94,1513,1159
202011,3호선,옥수(3호선),191154,47222,198401,47359,238376,245760
202010,3호선,옥수(3호선),191109,49370,197075,49776,240479,246851
202009,3호선,옥수(3호선),164659,42764,171191,42755,207423,213946
202008,3호선,옥수(3호선),172293,42820,179736,42944,215113,222680
202007,3호선,옥수(3호선),211365,52035,219384,51693,263400,271077
202011,경인선,온수(성공회대입구) 경인선,143988,39555,137590,38685,183543,176275
202010,경인선,온수(성공회대입구) 경인선,144209,40588,135859,39568,184797,175427
202009,경인선,온수(성공회대입구) 경인선,118363,35680,114565,34872,154043,149437
202008,경인선,온수(성공회대입구) 경인선,122342,34081,118177,33337,156423,151514
202007,경인선,온수(성공회대입구) 경인선,150220,40449,144783,39541,190669,184324
202011,7호선,온수(성공회대입구) 7호선,244127,33137,226569,31898,277264,258467
202010,7호선,온수(성공회대입구) 7호선,235506,33348,218828,32338,268854,251166
202009,7호선,온수(성공회대입구) 7호선,209073,30147,192481,28756,239220,221237
202008,7호선,온수(성공회대입구) 7호선,209262,29556,194015,28382,238818,222397
202007,7호선,온수(성공회대입구) 7호선,255674,33880,237294,32454,289554,269748
202011,장항선,온양온천,64256,31906,65971,32968,96162,98939
202010,장항선,온양온천,68511,38579,68732,39661,107090,108393
202009,장항선,온양온천,53181,29405,54691,30496,82586,85187
202008,장항선,온양온천,60207,30475,60435,31352,90682,91787
202007,장항선,온양온천,67357,35340,67480,36190,102697,103670
202011,9호선2~3단계,올림픽공원(한국체대) 9호선,135083,19032,134970,19270,154115,154240
202010,9호선2~3단계,올림픽공원(한국체대) 10호선,136304,19121,140750,19904,155425,160654
202009,9호선2~3단계,올림픽공원(한국체대) 11호선,105645,13399,104431,13460,119044,117891
202008,9호선2~3단계,올림픽공원(한국체대) 12호선,125123,16591,126162,17385,141714,143547
202007,9호선2~3단계,올림픽공원(한국체대) 13호선,132916,16700,130298,16979,149616,147277
202011,5호선,올림픽공원(한국체대) 5호선,83615,26213,72164,23485,109828,95649
202010,5호선,올림픽공원(한국체대) 5호선,84919,27454,75461,24443,112373,99904
202009,5호선,올림픽공원(한국체대) 5호선,70445,21661,60575,19202,92106,79777
202008,5호선,올림픽공원(한국체대) 5호선,78644,23883,64661,20775,102527,85436
202007,5호선,올림픽공원(한국체대) 5호선,88914,26301,73316,22931,115215,96247
202011,경원선,왕십리(성동구청) 경원선,316862,48204,363944,53078,365066,417022
202010,경원선,왕십리(성동구청) 경원선,313146,50774,361836,55943,363920,417779
202009,경원선,왕십리(성동구청) 경원선,268168,44755,308843,49572,312923,358415
202008,경원선,왕십리(성동구청) 경원선,300154,44756,348405,49138,344910,397543
202007,경원선,왕십리(성동구청) 경원선,353234,51886,403426,56863,405120,460289
202011,2호선,왕십리(성동구청) 2호선,383668,43824,313343,37688,427492,351031
202010,2호선,왕십리(성동구청) 2호선,376780,43658,310941,37480,420438,348421
202009,2호선,왕십리(성동구청) 2호선,315491,37939,257021,32287,353430,289308
202008,2호선,왕십리(성동구청) 2호선,348015,39407,291973,34034,387422,326007
202007,2호선,왕십리(성동구청) 2호선,419003,46309,350709,40178,465312,390887
202011,5호선,왕십리(성동구청) 5호선,95786,19543,109693,18543,115329,128236
202010,5호선,왕십리(성동구청) 5호선,94171,19390,109422,18830,113561,128252
202009,5호선,왕십리(성동구청) 5호선,83207,17208,94139,16626,100415,110765
202008,5호선,왕십리(성동구청) 5호선,89256,17970,104194,17108,107226,121302
202007,5호선,왕십리(성동구청) 5호선,103256,20595,121250,19395,123851,140645
202011,경원선,외대앞,171675,39577,167129,39617,211252,206746
202010,경원선,외대앞,159689,41014,154629,40564,200703,195193
202009,경원선,외대앞,135635,37675,130538,37526,173310,168064
202008,경원선,외대앞,140095,35272,136360,35117,175367,171477
202007,경원선,외대앞,172511,41598,165130,41367,214109,206497
202011,2호선,용답,54724,15114,54228,14269,69838,68497
202010,2호선,용답,52629,15249,50864,14582,67878,65446
202009,2호선,용답,46802,14126,45319,13486,60928,58805
202008,2호선,용답,48416,13677,46983,13020,62093,60003
202007,2호선,용답,57297,16069,55148,15502,73366,70650
202011,2호선,용두(동대문구청),39014,19961,39952,21260,58975,61212
202010,2호선,용두(동대문구청),37294,19529,38021,20870,56823,58891
202009,2호선,용두(동대문구청),35128,20585,36330,22149,55713,58479
202008,2호선,용두(동대문구청),36113,17738,36645,18865,53851,55510
202007,2호선,용두(동대문구청),41321,20243,41992,21561,61564,63553
202011,7호선,용마산(용마폭포공원),129399,29493,120816,31648,158892,152464
202010,7호선,용마산(용마폭포공원),128104,30050,120693,32717,158154,153410
202009,7호선,용마산(용마폭포공원),112665,26843,106721,29126,139508,135847
202008,7호선,용마산(용마폭포공원),115824,26884,105922,29184,142708,135106
202007,7호선,용마산(용마폭포공원),136950,31175,124991,34071,168125,159062
202011,중앙선,용문,28409,29779,28442,30004,58188,58446
202010,중앙선,용문,35172,41096,34004,40964,76268,74968
202009,중앙선,용문,23303,26964,24791,27277,50267,52068
202008,중앙선,용문,26449,26909,26683,27213,53358,53896
202007,중앙선,용문,32550,35118,33247,35586,67668,68833
202011,경부선,용산,795958,100112,806997,99042,896070,906039
202010,경부선,용산,782470,102792,784729,102132,885262,886861
202009,경부선,용산,619405,83980,645820,83218,703385,729038
202008,경부선,용산,763691,91240,780465,90321,854931,870786
202007,경부선,용산,846943,102338,867734,101411,949281,969145
202011,5호선,우장산,290868,70071,283715,73208,360939,356923
202010,5호선,우장산,288039,71764,278821,74728,359803,353549
202009,5호선,우장산,247648,61273,242498,63945,308921,306443
202008,5호선,우장산,265258,62904,257273,65731,328162,323004
202007,5호선,우장산,324897,74327,312154,77258,399224,389412
202011,중앙선,운길산,14520,8076,13295,8022,22596,21317
202010,중앙선,운길산,21820,12848,20410,12775,34668,33185
202009,중앙선,운길산,15774,9797,14081,9501,25571,23582
202008,중앙선,운길산,12311,7850,11419,7680,20161,19099
202007,중앙선,운길산,17459,10816,16341,10789,28275,27130
202011,공항철도 1호선,운서,140498,20041,141136,19954,160539,161090
202010,공항철도 1호선,운서,143227,21857,144668,21935,165084,166603
202009,공항철도 1호선,운서,125239,18529,124033,18476,143768,142509
202008,공항철도 1호선,운서,135406,18015,137205,17827,153421,155032
202007,공항철도 1호선,운서,153652,21560,154009,21191,175212,175200
202011,경의선,운정,133379,27853,122751,27457,161232,150208
202010,경의선,운정,132370,29274,122103,28955,161644,151058
202009,경의선,운정,108205,24120,101799,24101,132325,125900
202008,경의선,운정,111162,23104,102978,22915,134266,125893
202007,경의선,운정,135136,29474,125602,29158,164610,154760
202011,일산선,원당,223562,68763,208290,67041,292325,275331
202010,일산선,원당,221981,70413,205709,68999,292394,274708
202009,일산선,원당,192813,59498,182056,58409,252311,240465
202008,일산선,원당,196880,58258,184029,57372,255138,241401
202007,일산선,원당,237798,71871,220582,70871,309669,291453
202011,중앙선,원덕,4652,4721,4770,4588,9373,9358
202010,중앙선,원덕,5878,5737,5598,5620,11615,11218
202009,중앙선,원덕,4381,4569,4371,4466,8950,8837
202008,중앙선,원덕,4511,4280,4235,4153,8791,8388
202007,중앙선,원덕,5454,5522,5111,5462,10976,10573
202011,수인선,원인재,90539,25097,93233,25272,115636,118505
202010,수인선,원인재,91650,26156,94694,26426,117806,121120
202009,수인선,원인재,75064,23148,78307,23130,98212,101437
202008,수인선,원인재,74725,21720,77200,22017,96445,99217
202007,수인선,원인재,89798,24722,92185,24814,114520,116999
202011,일산선,원흥,195184,46050,182711,44773,241234,227484
202010,일산선,원흥,191538,46909,179813,45737,238447,225550
202009,일산선,원흥,164963,39766,155265,39063,204729,194328
202008,일산선,원흥,169318,38782,159239,38333,208100,197572
202007,일산선,원흥,208392,46956,192815,45814,255348,238629
202011,경원선,월계,124093,50943,112968,48784,175036,161752
202010,경원선,월계,121175,52734,109862,50278,173909,160140
202009,경원선,월계,95912,46409,89609,44506,142321,134115
202008,경원선,월계,96410,44055,90321,42623,140465,132944
202007,경원선,월계,121323,52782,110855,50093,174105,160948
202011,6호선,월곡(동덕여대),233822,59351,226687,59104,293173,285791
202010,6호선,월곡(동덕여대),221055,60010,214001,59647,281065,273648
202009,6호선,월곡(동덕여대),195678,53607,190433,53135,249285,243568
202008,6호선,월곡(동덕여대),200415,52233,194388,51772,252648,246160
202007,6호선,월곡(동덕여대),247307,63005,237434,62464,310312,299898
202011,수인선,월곶,55003,11304,50588,11384,66307,61972
202010,수인선,월곶,56507,12920,51490,12566,69427,64056
202009,수인선,월곶,47440,10776,43993,10668,58216,54661
202008,수인선,월곶,44947,9659,41836,9704,54606,51540
202007,수인선,월곶,51167,10841,47061,10920,62008,57981
202011,6호선,월드컵경기장(성산),82002,48400,87983,48537,130402,136520
202010,6호선,월드컵경기장(성산),91555,62366,98864,62257,153921,161121
202009,6호선,월드컵경기장(성산),76003,48422,82321,46997,124425,129318
202008,6호선,월드컵경기장(성산),75445,42935,81539,42174,118380,123713
202007,6호선,월드컵경기장(성산),83013,51089,89556,50482,134102,140038
202011,경의선,월롱,54234,7030,51689,7756,61264,59445
202010,경의선,월롱,51078,7583,48605,8464,58661,57069
202009,경의선,월롱,39643,6795,36858,7298,46438,44156
202008,경의선,월롱,38477,5907,36911,6566,44384,43477
202007,경의선,월롱,53647,7343,49485,8139,60990,57624
202011,2호선,을지로3가(2호선),449301,63347,443587,62139,512648,505726
202010,2호선,을지로3가(2호선),421423,59600,420508,58897,481023,479405
202009,2호선,을지로3가(2호선),363805,52539,362930,51274,416344,414204
202008,2호선,을지로3가(2호선),398865,57008,399254,55525,455873,454779
202007,2호선,을지로3가(2호선),506219,67775,509716,66110,573994,575826
202011,3호선,을지로3가(3호선),204514,45123,220595,43780,249637,264375
202010,3호선,을지로3가(3호선),192019,42517,211491,41701,234536,253192
202009,3호선,을지로3가(3호선),171902,39078,184168,38022,210980,222190
202008,3호선,을지로3가(3호선),183180,40711,199450,39685,223891,239135
202007,3호선,을지로3가(3호선),234524,48795,258615,47548,283319,306163
202011,2호선,을지로4가(2호선),242047,76027,239721,74017,318074,313738
202010,2호선,을지로4가(2호선),225694,76457,226029,75084,302151,301113
202009,2호선,을지로4가(2호선),207153,75846,206706,73774,282999,280480
202008,2호선,을지로4가(2호선),208125,69048,206427,66425,277173,272852
202007,2호선,을지로4가(2호선),257334,82201,257430,79833,339535,337263
202011,5호선,을지로4가(5호선),106107,38072,111712,38015,144179,149727
202010,5호선,을지로4가(5호선),100257,38459,106401,38271,138716,144672
202009,5호선,을지로4가(5호선),91423,36617,96107,37093,128040,133200
202008,5호선,을지로4가(5호선),90467,33437,94951,33470,123904,128421
202007,5호선,을지로4가(5호선),113500,40552,120024,40440,154052,160464
202011,2호선,을지로입구,884315,82722,901765,77068,967037,978833
202010,2호선,을지로입구,835849,81285,853385,75743,917134,929128
202009,2호선,을지로입구,727392,69868,745838,65576,797260,811414
202008,2호선,을지로입구,792709,75425,814822,70757,868134,885579
202007,2호선,을지로입구,974408,90327,1000499,84005,1064735,1084504
202011,경원선,응봉,34939,13733,29464,12377,48672,41841
202010,경원선,응봉,35126,14707,29728,13049,49833,42777
202009,경원선,응봉,28744,12762,24384,11264,41506,35648
202008,경원선,응봉,29064,12059,23721,10916,41123,34637
202007,경원선,응봉,36931,14437,29753,13104,51368,42857
202011,6호선,응암,361982,95601,354068,93658,457583,447726
202010,6호선,응암,354491,98750,341974,95930,453241,437904
202009,6호선,응암,313817,86036,308216,84718,399853,392934
202008,6호선,응암,326954,85130,318685,84624,412084,403309
202007,6호선,응암,387427,101245,374146,99261,488672,473407
202011,경부선,의왕,197897,36174,194935,36201,234071,231136
202010,경부선,의왕,191092,38387,188231,38280,229479,226511
202009,경부선,의왕,164558,32231,162854,32117,196789,194971
202008,경부선,의왕,165230,31492,163753,31563,196722,195316
202007,경부선,의왕,205207,37407,202529,37301,242614,239830
202011,경원선,의정부,402829,88418,417127,89509,491247,506636
202010,경원선,의정부,404592,92482,423742,93539,497074,517281
202009,경원선,의정부,336670,79829,348227,80827,416499,429054
202008,경원선,의정부,362824,79240,379305,80281,442064,459586
202007,경원선,의정부,417461,90726,436467,92348,508187,528815
202011,2호선,이대,293054,41815,305859,42667,334869,348526
202010,2호선,이대,285258,39673,298655,40457,324931,339112
202009,2호선,이대,229569,32021,236812,33228,261590,270040
202008,2호선,이대,249962,33067,258807,33854,283029,292661
202007,2호선,이대,293666,43147,303463,43512,336813,346975
202011,경강선,이매(경강선),23278,5691,19467,5242,28969,24709
202010,경강선,이매(경강선),23245,5844,19040,5581,29089,24621
202009,경강선,이매(경강선),18830,4411,15535,3997,23241,19532
202008,경강선,이매(경강선),19533,4478,16075,4545,24011,20620
202007,경강선,이매(경강선),24962,5844,20278,5301,30806,25579
202011,분당선,이매(분당선),111441,31338,105084,30177,142779,135261
202010,분당선,이매(분당선),109409,32669,102758,31394,142078,134152
202009,분당선,이매(분당선),88957,26995,83224,25843,115952,109067
202008,분당선,이매(분당선),97351,27411,90569,26004,124762,116573
202007,분당선,이매(분당선),123194,33361,113262,32088,156555,145350
202011,7호선,이수,341643,61012,336305,58250,402655,394555
202010,7호선,이수,333821,60478,331807,57984,394299,389791
202009,7호선,이수,295146,52679,290807,50780,347825,341587
202008,7호선,이수,315261,54201,313187,52576,369462,365763
202007,7호선,이수,372325,64002,369375,61816,436327,431191
202011,경강선,이천,55978,10528,60671,11139,66506,71810
202010,경강선,이천,57547,11385,61090,12140,68932,73230
202009,경강선,이천,44797,8719,48299,9072,53516,57371
202008,경강선,이천,43804,8126,46652,8529,51930,55181
202007,경강선,이천,57460,10632,60748,11430,68092,72178
202011,경원선,이촌(국립중앙박물관) 경원선,78924,22543,59085,18627,101467,77712
202010,경원선,이촌(국립중앙박물관) 경원선,78864,22564,57967,18929,101428,76896
202009,경원선,이촌(국립중앙박물관) 경원선,68818,19349,50044,16138,88167,66182
202008,경원선,이촌(국립중앙박물관) 경원선,71752,19882,53579,16884,91634,70463
202007,경원선,이촌(국립중앙박물관) 경원선,86655,23869,64062,20197,110524,84259
202011,4호선,이촌(국립중앙박물관) 4호선,153503,35140,169762,37678,188643,207440
202010,4호선,이촌(국립중앙박물관) 4호선,154489,36646,172459,39146,191135,211605
202009,4호선,이촌(국립중앙박물관) 4호선,120262,29626,138886,32632,149888,171518
202008,4호선,이촌(국립중앙박물관) 4호선,141638,31253,157808,33689,172891,191497
202007,4호선,이촌(국립중앙박물관) 4호선,158937,37166,185289,40363,196103,225652
202011,6호선,이태원,228463,26231,239598,26963,254694,266561
202010,6호선,이태원,248892,26259,271881,27152,275151,299033
202009,6호선,이태원,183197,22778,193171,23585,205975,216756
202008,6호선,이태원,205466,22583,216089,23534,228049,239623
202007,6호선,이태원,231458,25985,244779,26900,257443,271679
202011,과천선,인덕원,532963,84338,540309,86645,617301,626954
202010,과천선,인덕원,513425,86837,515752,88746,600262,604498
202009,과천선,인덕원,446584,70257,456876,72503,516841,529379
202008,과천선,인덕원,459384,72045,468800,74590,531429,543390
202007,과천선,인덕원,566088,87283,574106,89685,653371,663791
202011,경인선,인천(경인선),67893,29730,47757,27032,97623,74789
202010,경인선,인천(경인선),77888,38530,57877,34723,116418,92600
202009,경인선,인천(경인선),57510,28196,41351,25342,85706,66693
202008,경인선,인천(경인선),57571,26303,41864,24157,83874,66021
202007,경인선,인천(경인선),66682,28331,48202,26138,95013,74340
202011,수인선,인천(수인선),16828,11726,33009,14520,28554,47529
202010,수인선,인천(수인선),19647,13616,37861,17686,33263,55547
202009,수인선,인천(수인선),14834,11496,28800,14100,26330,42900
202008,수인선,인천(수인선),13686,10246,27028,11951,23932,38979
202007,수인선,인천(수인선),16095,11347,31604,13366,27442,44970
202011,공항철도 1호선,인천공항1터미널,79751,10789,83128,11019,90540,94147
202010,공항철도 1호선,인천공항1터미널,83251,13432,86984,13651,96683,100635
202009,공항철도 1호선,인천공항1터미널,76127,11084,80564,11139,87211,91703
202008,공항철도 1호선,인천공항1터미널,88892,12302,92789,12411,101194,105200
202007,공항철도 1호선,인천공항1터미널,93404,12985,96326,13177,106389,109503
202011,공항철도 1호선,인천공항2터미널,44508,4728,42024,4273,49236,46297
202010,공항철도 1호선,인천공항2터미널,44796,4959,42414,4444,49755,46858
202009,공항철도 1호선,인천공항2터미널,43375,4796,40907,4333,48171,45240
202008,공항철도 1호선,인천공항2터미널,45991,5844,43129,5405,51835,48534
202007,공항철도 1호선,인천공항2터미널,45857,5301,43060,4950,51158,48010
202011,수인선,인천논현,116201,25202,124165,25699,141403,149864
202010,수인선,인천논현,115578,25789,123141,26369,141367,149510
202009,수인선,인천논현,96686,22410,102643,22912,119096,125555
202008,수인선,인천논현,101635,22641,107168,23206,124276,130374
202007,수인선,인천논현,122560,26151,129255,26767,148711,156022
202011,수인선,인하대,130411,20670,123012,20034,151081,143046
202010,수인선,인하대,127349,21991,119103,21094,149340,140197
202009,수인선,인하대,102592,18479,95154,17960,121071,113114
202008,수인선,인하대,98103,17554,91848,17108,115657,108956
202007,수인선,인하대,118856,20619,110537,20006,139475,130543
202011,경의선,일산,189360,49763,185500,49648,239123,235148
202010,경의선,일산,187944,50421,182772,50556,238365,233328
202009,경의선,일산,155941,43121,155187,43603,199062,198790
202008,경의선,일산,162520,40599,159205,40786,203119,199991
202007,경의선,일산,204332,50419,199579,50451,254751,250030
202011,3호선,일원,191198,48734,187760,48232,239932,235992
202010,3호선,일원,184400,47574,180819,46922,231974,227741
202009,3호선,일원,157351,41165,155392,40503,198516,195895
202008,3호선,일원,167514,42092,166418,41754,209606,208172
202007,3호선,일원,207046,50712,201259,50356,257758,251615
202011,경의선,임진강,347,295,212,300,642,512
202010,경의선,임진강,628,645,503,641,1273,1144
202009,경의선,임진강,356,306,250,331,662,581
202008,경의선,임진강,195,254,120,247,449,367
202007,경의선,임진강,363,321,187,340,684,527
202011,2호선,잠실(송파구청) 2호선,1604232,148702,1593912,142275,1752934,1736187
202010,2호선,잠실(송파구청) 2호선,1592058,150499,1561033,142520,1742557,1703553
202009,2호선,잠실(송파구청) 2호선,1270679,118662,1255126,112801,1389341,1367927
202008,2호선,잠실(송파구청) 2호선,1458691,130386,1442351,124127,1589077,1566478
202007,2호선,잠실(송파구청) 2호선,1755755,158001,1741395,152177,1913756,1893572
202011,8호선,잠실(송파구청) 8호선,312947,53924,369156,51754,366871,420910
202010,8호선,잠실(송파구청) 8호선,306037,54537,362671,52381,360574,415052
202009,8호선,잠실(송파구청) 8호선,257533,45274,297279,43117,302807,340396
202008,8호선,잠실(송파구청) 8호선,289395,49744,338126,47033,339139,385159
202007,8호선,잠실(송파구청) 8호선,329762,58184,393215,55280,387946,448495
202011,2호선,잠실나루,291315,67255,280661,67642,358570,348303
202010,2호선,잠실나루,284814,66625,273307,66766,351439,340073
202009,2호선,잠실나루,246940,56207,237997,56479,303147,294476
202008,2호선,잠실나루,263519,58460,252485,58765,321979,311250
202007,2호선,잠실나루,325703,72139,311665,72462,397842,384127
202011,2호선,잠실새내,441550,80892,446894,81300,522442,528194
202010,2호선,잠실새내,432342,80790,443420,81486,513132,524906
202009,2호선,잠실새내,363411,70431,369392,70938,433842,440330
202008,2호선,잠실새내,409740,73208,417566,74092,482948,491658
202007,2호선,잠실새내,498225,87474,507431,87604,585699,595035
202011,3호선,잠원,102684,25093,101132,24457,127777,125589
202010,3호선,잠원,106035,27228,105364,26741,133263,132105
202009,3호선,잠원,95392,24392,94164,23768,119784,117932
202008,3호선,잠원,106413,25994,102249,24974,132407,127223
202007,3호선,잠원,131221,31215,126281,30541,162436,156822
202011,7호선,장승배기,201214,56855,191724,56952,258069,248676
202010,7호선,장승배기,195877,56941,185722,57098,252818,242820
202009,7호선,장승배기,176292,50260,168333,50653,226552,218986
202008,7호선,장승배기,187107,52683,178421,53227,239790,231648
202007,7호선,장승배기,219175,60154,208453,61033,279329,269486
202011,7호선,장암,53946,7788,20998,4917,61734,25915
202010,7호선,장암,54396,9347,22637,6456,63743,29093
202009,7호선,장암,48749,8492,19443,6027,57241,25470
202008,7호선,장암,50502,7992,19227,5775,58494,25002
202007,7호선,장암,59590,9716,22728,6881,69306,29609
202011,8호선,장지,390445,61636,373441,58332,452081,431773
202010,8호선,장지,379862,61387,360713,58301,441249,419014
202009,8호선,장지,332256,52224,325280,49938,384480,375218
202008,8호선,장지,350546,53919,340559,51380,404465,391939
202007,8호선,장지,419089,63636,398489,60183,482725,458672
202011,5호선,장한평,386201,71767,379281,72657,457968,451938
202010,5호선,장한평,368478,71178,361315,71945,439656,433260
202009,5호선,장한평,335709,61380,329739,61758,397089,391497
202008,5호선,장한평,347251,63709,342344,64206,410960,406550
202007,5호선,장한평,410554,73669,403677,74109,484223,477786
202011,우이신설선,정릉,78632,37765,71501,36012,116397,107513
202010,우이신설선,정릉,77651,38547,68973,36290,116198,105263
202009,우이신설선,정릉,66493,33930,60047,31834,100423,91881
202008,우이신설선,정릉,66638,32554,59522,30836,99192,90358
202007,우이신설선,정릉,81541,40089,72718,37763,121630,110481
202011,일산선,정발산,145071,39192,150142,36716,184263,186858
202010,일산선,정발산,148592,41549,156976,39329,190141,196305
202009,일산선,정발산,123863,33193,129455,31232,157056,160687
202008,일산선,정발산,132545,34904,139940,32697,167449,172637
202007,일산선,정발산,160767,44106,173213,41422,204873,214635
202011,과천선,정부과천청사,197781,37811,195879,36776,235592,232655
202010,과천선,정부과천청사,191524,38354,189232,37868,229878,227100
202009,과천선,정부과천청사,163205,32938,162744,32511,196143,195255
202008,과천선,정부과천청사,170836,32835,168882,32262,203671,201144
202007,과천선,정부과천청사,208270,39140,206610,38406,247410,245016
202011,안산선,정왕,219613,20418,229665,21989,240031,251654
202010,안산선,정왕,219344,21168,229369,22678,240512,252047
202009,안산선,정왕,170494,18233,180229,19783,188727,200012
202008,안산선,정왕,145925,17567,157557,18653,163492,176210
202007,안산선,정왕,176453,19780,187397,21432,196233,208829
202011,분당선,정자,359339,55174,385470,55418,414513,440888
202010,분당선,정자,348653,55194,374812,55165,403847,429977
202009,분당선,정자,292222,45266,307417,44337,337488,351754
202008,분당선,정자,324414,45269,346478,45482,369683,391960
202007,분당선,정자,398364,55459,428975,55761,453823,484736
202011,1호선,제기동,223204,240998,216130,257699,464202,473829
202010,1호선,제기동,219703,253380,213229,271939,473083,485168
202009,1호선,제기동,202713,246990,199630,268967,449703,468597
202008,1호선,제기동,194286,199900,189111,214463,394186,403574
202007,1호선,제기동,229605,235194,222925,252505,464799,475430
202011,경인선,제물포,223824,50182,209803,49625,274006,259428
202010,경인선,제물포,222385,51812,206602,50968,274197,257570
202009,경인선,제물포,181526,44901,170948,44512,226427,215460
202008,경인선,제물포,191316,45044,179230,44652,236360,223882
202007,경인선,제물포,234451,51367,216464,50953,285818,267417
202011,1호선,종각,779391,111601,757727,103762,890992,861489
202010,1호선,종각,742425,113554,733823,107509,855979,841332
202009,1호선,종각,600944,95352,591275,89734,696296,681009
202008,1호선,종각,708749,109905,698507,102839,818654,801346
202007,1호선,종각,915920,126653,905687,119811,1042573,1025498
202011,1호선,종로3가(1호선),415759,253486,380983,236161,669245,617144
202010,1호선,종로3가(1호선),401426,267189,367992,250128,668615,618120
202009,1호선,종로3가(1호선),316661,226692,287846,213457,543353,501303
202008,1호선,종로3가(1호선),377954,239610,355686,226630,617564,582316
202007,1호선,종로3가(1호선),496094,283227,465884,267518,779321,733402
202011,3호선,종로3가(3호선),193761,47506,239642,53577,241267,293219
202010,3호선,종로3가(3호선),181619,46650,236855,53828,228269,290683
202009,3호선,종로3가(3호선),159531,42075,194302,47475,201606,241777
202008,3호선,종로3가(3호선),171462,43213,213248,48300,214675,261548
202007,3호선,종로3가(3호선),221410,51668,280254,57956,273078,338210
202011,5호선,종로3가(5호선),239324,78865,226665,84341,318189,311006
202010,5호선,종로3가(5호선),243631,79677,241637,85637,323308,327274
202009,5호선,종로3가(5호선),178236,66874,176362,72351,245110,248713
202008,5호선,종로3가(5호선),217208,73653,211880,78323,290861,290203
202007,5호선,종로3가(5호선),288694,85022,284329,91012,373716,375341
202011,1호선,종로5가,342225,205830,351197,197086,548055,548283
202010,1호선,종로5가,334699,222073,347996,215046,556772,563042
202009,1호선,종로5가,295041,198655,301544,190007,493696,491551
202008,1호선,종로5가,309584,194856,320772,186994,504440,507766
202007,1호선,종로5가,385593,240595,403254,231238,626188,634492
202011,9호선2~3단계,종합운동장(9호선),91193,13891,88138,12970,105084,101108
202010,9호선2~3단계,종합운동장(9호선),88745,13746,86145,12803,102491,98948
202009,9호선2~3단계,종합운동장(9호선),74731,11324,72940,10546,86055,83486
202008,9호선2~3단계,종합운동장(9호선),85708,12418,83281,11318,98126,94599
202007,9호선2~3단계,종합운동장(9호선),102053,14867,99531,13203,116920,112734
202011,2호선,종합운동장(2호선),168002,33308,190987,34740,201310,225727
202010,2호선,종합운동장(2호선),175638,32291,196573,33846,207929,230419
202009,2호선,종합운동장(2호선),123812,24767,133886,25195,148579,159081
202008,2호선,종합운동장(2호선),151836,26899,165155,28040,178735,193195
202007,2호선,종합운동장(2호선),174612,31985,188541,33163,206597,221704
202011,경인선,주안,440849,69249,400365,62508,510098,462873
202010,경인선,주안,439181,71222,396598,64522,510403,461120
202009,경인선,주안,371215,62078,337847,56447,433293,394294
202008,경인선,주안,399057,64889,362341,58448,463946,420789
202007,경인선,주안,475910,73828,429026,66715,549738,495741
202011,일산선,주엽,156276,66646,154569,68527,222922,223096
202010,일산선,주엽,153051,69208,151684,70728,222259,222412
202009,일산선,주엽,128654,58163,129471,59928,186817,189399
202008,일산선,주엽,140199,60207,140281,62004,200406,202285
202007,일산선,주엽,172226,73271,172113,76034,245497,248147
202011,분당선,죽전,298899,57288,329996,60545,356187,390541
202010,분당선,죽전,292475,58731,320352,61368,351206,381720
202009,분당선,죽전,243717,45575,268329,48488,289292,316817
202008,분당선,죽전,253574,46783,282922,50339,300357,333261
202007,분당선,죽전,313822,56229,347166,61398,370051,408564
202011,7호선,중계,298958,74074,266471,70916,373032,337387
202010,7호선,중계,290556,74901,255919,72103,365457,328022
202009,7호선,중계,253115,63748,223786,61300,316863,285086
202008,7호선,중계,264924,64663,233752,62344,329587,296096
202007,7호선,중계,318201,77370,279121,74606,395571,353727
202011,7호선,중곡,212953,47744,191987,48762,260697,240749
202010,7호선,중곡,206851,47951,186392,48949,254802,235341
202009,7호선,중곡,182655,42222,166924,43129,224877,210053
202008,7호선,중곡,187436,42874,169608,43955,230310,213563
202007,7호선,중곡,224162,50315,199749,51096,274477,250845
202011,경인선,중동,184020,55475,171392,55132,239495,226524
202010,경인선,중동,182036,56298,168141,55892,238334,224033
202009,경인선,중동,160439,49044,150651,49085,209483,199736
202008,경인선,중동,165594,49431,153968,49136,215025,203104
202007,경인선,중동,196410,56444,181854,56321,252854,238175
202011,중앙선,중랑,104794,40387,99489,39642,145181,139131
202010,중앙선,중랑,104291,42818,98980,42182,147109,141162
202009,중앙선,중랑,93217,38467,87387,37736,131684,125123
202008,중앙선,중랑,97367,37490,90885,37115,134857,128000
202007,중앙선,중랑,112096,44004,104922,43138,156100,148060
202011,안산선,중앙,413392,47194,435124,46366,460586,481490
202010,안산선,중앙,414991,47095,438178,46489,462086,484667
202009,안산선,중앙,316528,37261,336173,36619,353789,372792
202008,안산선,중앙,330412,37751,350718,36777,368163,387495
202007,안산선,중앙,394771,45129,418837,44418,439900,463255
202011,9호선2~3단계,중앙보훈병원,172530,61586,146358,61149,234116,207507
202010,9호선2~3단계,중앙보훈병원,166874,62257,141972,61915,229131,203887
202009,9호선2~3단계,중앙보훈병원,144872,55021,122838,54542,199893,177380
202008,9호선2~3단계,중앙보훈병원,158517,57019,134985,56312,215536,191297
202007,9호선2~3단계,중앙보훈병원,194778,66771,168045,65939,261549,233984
202011,7호선,중화,233716,52804,225344,52787,286520,278131
202010,7호선,중화,228688,53593,218922,53398,282281,272320
202009,7호선,중화,207526,47263,200138,47211,254789,247349
202008,7호선,중화,218411,48257,207972,48224,266668,256196
202007,7호선,중화,251788,56012,240813,56283,307800,297096
202011,9호선,증미,141007,34479,140140,35153,175486,175293
202010,9호선,증미,135955,34429,134597,34873,170384,169470
202009,9호선,증미,126718,33630,126941,34138,160348,161079
202008,9호선,증미,132632,33251,131885,33593,165883,165478
202007,9호선,증미,151045,36576,149501,36953,187621,186454
202011,6호선,증산(명지대앞),204151,58690,196355,59601,262841,255956
202010,6호선,증산(명지대앞),201837,60698,191665,61354,262535,253019
202009,6호선,증산(명지대앞),178840,52881,171568,53180,231721,224748
202008,6호선,증산(명지대앞),188005,53581,179244,54083,241586,233327
202007,6호선,증산(명지대앞),218209,62321,207193,62841,280530,270034
202011,경부선,지제,65660,7584,61711,6998,73244,68709
202010,경부선,지제,62906,7677,58367,7203,70583,65570
202009,경부선,지제,52828,6302,48906,5718,59130,54624
202008,경부선,지제,54505,6300,49844,5742,60805,55586
202007,경부선,지제,62634,7344,58072,6732,69978,64804
202011,일산선,지축(일산선),3,0,0,0,3,0
202010,일산선,지축(일산선),2,0,0,0,2,0
202009,일산선,지축(일산선),1,0,0,0,1,0
202007,일산선,지축(일산선),2,0,0,0,2,0
202011,3호선,지축(3호선),70251,14242,67536,14751,84493,82287
202010,3호선,지축(3호선),70618,14869,67059,15561,85487,82620
202009,3호선,지축(3호선),60451,12667,58451,13217,73118,71668
202008,3호선,지축(3호선),61962,11577,59994,12555,73539,72549
202007,3호선,지축(3호선),79376,14826,74492,15820,94202,90312
202011,중앙선,지평,1024,647,764,557,1671,1321
202010,중앙선,지평,1130,795,770,802,1925,1572
202009,중앙선,지평,676,749,565,673,1425,1238
202008,중앙선,지평,557,679,506,648,1236,1154
202007,중앙선,지평,904,776,715,786,1680,1501
202011,경원선,지행,137688,35637,135876,35224,173325,171100
202010,경원선,지행,133459,36669,130127,36249,170128,166376
202009,경원선,지행,110386,31680,109515,31249,142066,140764
202008,경원선,지행,119485,31845,118689,31446,151330,150135
202007,경원선,지행,146004,38137,144920,38037,184141,182957
202011,경부선,직산,15463,3371,15861,3312,18834,19173
202010,경부선,직산,15964,3790,15964,3746,19754,19710
202009,경부선,직산,13511,3250,13951,3146,16761,17097
202008,경부선,직산,14388,3247,14383,3117,17635,17500
202007,경부선,직산,16958,3882,17310,3751,20840,21061
202011,경부선,진위,34421,6289,30192,5886,40710,36078
202010,경부선,진위,34072,6526,29287,6138,40598,35425
202009,경부선,진위,30231,5794,26837,5356,36025,32193
202008,경부선,진위,29356,5454,26148,5162,34810,31310
202007,경부선,진위,35209,6336,31551,5811,41545,37362
202011,경원선,창동(경원선),16,1,0,0,17,0
202010,경원선,창동(경원선),10,1,0,0,11,0
202009,경원선,창동(경원선),6,0,0,0,6,0
202008,경원선,창동(경원선),7,0,0,0,7,0
202007,경원선,창동(경원선),15,1,0,0,16,0
202011,4호선,창동(4호선),525406,161415,558128,168415,686821,726543
202010,4호선,창동(4호선),516526,159514,545460,165038,676040,710498
202009,4호선,창동(4호선),452838,144915,483800,151099,597753,634899
202008,4호선,창동(4호선),483030,148494,513391,154934,631524,668325
202007,4호선,창동(4호선),581811,182609,617495,189986,764420,807481
202011,6호선,창신,77437,15736,61545,14828,93173,76373
202010,6호선,창신,73085,15266,57992,14234,88351,72226
202009,6호선,창신,64919,14139,51506,13091,79058,64597
202008,6호선,창신,65080,13904,50036,12715,78984,62751
202007,6호선,창신,81348,15990,62960,14690,97338,77650
202011,경춘선,천마산,27554,15197,24523,15171,42751,39694
202010,경춘선,천마산,28779,16368,25738,16740,45147,42478
202009,경춘선,천마산,24029,13805,22136,14261,37834,36397
202008,경춘선,천마산,23579,13016,20984,13454,36595,34438
202007,경춘선,천마산,28514,15794,25552,16081,44308,41633
202011,경부선,천안,108823,34879,110085,35244,143702,145329
202010,경부선,천안,117575,40733,117015,41180,158308,158195
202009,경부선,천안,91078,33318,93795,33728,124396,127523
202008,경부선,천안,100394,36025,102365,36177,136419,138542
202007,경부선,천안,110315,40810,112725,41199,151125,153924
202011,7호선,천왕,231679,45219,215540,44894,276898,260434
202010,7호선,천왕,223137,45556,206540,44909,268693,251449
202009,7호선,천왕,197509,40791,184102,40026,238300,224128
202008,7호선,천왕,199345,39765,184748,39056,239110,223804
202007,7호선,천왕,233189,46225,214684,45028,279414,259712
202011,8호선,천호(풍납토성) 8호선,343444,67923,403572,64125,411367,467697
202010,8호선,천호(풍납토성) 9호선,336496,69227,398272,64792,405723,463064
202009,8호선,천호(풍납토성) 10호선,295805,60444,343383,56605,356249,399988
202008,8호선,천호(풍납토성) 11호선,320178,63101,376930,59206,383279,436136
202007,8호선,천호(풍납토성) 12호선,379322,73538,455118,69551,452860,524669
202011,5호선,천호(풍납토성) 5호선,380371,100970,380401,105394,481341,485795
202010,5호선,천호(풍납토성) 5호선,380181,103017,380788,108233,483198,489021
202009,5호선,천호(풍납토성) 5호선,325556,88112,325567,92373,413668,417940
202008,5호선,천호(풍납토성) 5호선,351899,92307,355387,97437,444206,452824
202007,5호선,천호(풍납토성) 5호선,402955,106289,421420,114199,509244,535619
202011,7호선,철산,487137,80890,498524,80723,568027,579247
202010,7호선,철산,477391,80492,490425,80856,557883,571281
202009,7호선,철산,416589,70249,425256,70079,486838,495335
202008,7호선,철산,443480,71573,454787,71977,515053,526764
202007,7호선,철산,534956,84657,549557,85279,619613,634836
202011,6호선,청구(6호선),80619,16191,82476,18908,96810,101384
202010,6호선,청구(6호선),79264,16184,79980,18670,95448,98650
202009,6호선,청구(6호선),71927,14490,73797,17099,86417,90896
202008,6호선,청구(6호선),71614,14335,72521,16980,85949,89501
202007,6호선,청구(6호선),85849,16973,87685,19630,102822,107315
202011,5호선,청구(5호선),81237,21238,78568,16838,102475,95406
202010,5호선,청구(5호선),78949,21529,76136,16943,100478,93079
202009,5호선,청구(5호선),71864,19504,69278,15265,91368,84543
202008,5호선,청구(5호선),71543,19500,68586,15298,91043,83884
202007,5호선,청구(5호선),85659,22697,82556,17790,108356,100346
202011,7호선,청담,429721,58400,491288,55836,488121,547124
202010,7호선,청담,405590,57452,463285,54909,463042,518194
202009,7호선,청담,371415,51228,415364,49049,422643,464413
202008,7호선,청담,387339,52947,438888,50598,440286,489486
202007,7호선,청담,462011,61933,531222,59497,523944,590719
202011,공항철도 1호선,청라국제도시,155921,9657,145232,9350,165578,154582
202010,공항철도 1호선,청라국제도시,152158,9869,141200,9570,162027,150770
202009,공항철도 1호선,청라국제도시,129337,8116,120989,7954,137453,128943
202008,공항철도 1호선,청라국제도시,138459,8069,129722,7996,146528,137718
202007,공항철도 1호선,청라국제도시,166370,9744,155682,9678,176114,165360
202011,경원선,청량리(서울시립대입구) 경원선,272228,123719,291881,131951,395947,423832
202010,경원선,청량리(서울시립대입구) 경원선,275209,128070,293895,134474,403279,428369
202009,경원선,청량리(서울시립대입구) 경원선,215244,110519,241744,117462,325763,359206
202008,경원선,청량리(서울시립대입구) 경원선,250888,103360,271671,109100,354248,380771
202007,경원선,청량리(서울시립대입구) 경원선,302432,127345,328108,134934,429777,463042
202011,1호선,청량리(서울시립대입구) 1호선,320602,238000,315752,240168,558602,555920
202010,1호선,청량리(서울시립대입구) 1호선,318848,246843,312612,252427,565691,565039
202009,1호선,청량리(서울시립대입구) 1호선,278851,242323,272423,252268,521174,524691
202008,1호선,청량리(서울시립대입구) 1호선,289923,214300,283383,219350,504223,502733
202007,1호선,청량리(서울시립대입구) 1호선,341513,250749,333804,255787,592262,589591
202011,분당선,청명,93321,14890,87179,14758,108211,101937
202010,분당선,청명,91503,15240,85481,15154,106743,100635
202009,분당선,청명,76300,12772,71448,12835,89072,84283
202008,분당선,청명,78860,12769,74049,12928,91629,86977
202007,분당선,청명,97811,15378,90776,15797,113189,106573
202011,경춘선,청평,28247,13008,27556,13000,41255,40556
202010,경춘선,청평,32068,16092,31365,16183,48160,47548
202009,경춘선,청평,25055,13392,25518,13499,38447,39017
202008,경춘선,청평,35218,12239,33489,12340,47457,45829
202007,경춘선,청평,43458,15902,42444,16196,59360,58640
202011,경강선,초월,67418,10739,63963,10639,78157,74602
202010,경강선,초월,66391,11187,61931,11044,77578,72975
202009,경강선,초월,55500,9274,53180,9199,64774,62379
202008,경강선,초월,55863,8887,53250,8960,64750,62210
202007,경강선,초월,66563,10609,62354,10662,77172,73016
202011,안산선,초지,118895,12408,125229,12757,131303,137986
202010,안산선,초지,111078,13610,114486,13895,124688,128381
202009,안산선,초지,84573,10988,86458,11545,95561,98003
202008,안산선,초지,82389,10047,81677,10301,92436,91978
202007,안산선,초지,98535,12321,97672,12558,110856,110230
202011,4호선,총신대입구(이수),375776,118071,415370,124742,493847,540112
202010,4호선,총신대입구(이수),373087,121777,412266,127974,494864,540240
202009,4호선,총신대입구(이수),325011,107622,357660,113684,432633,471344
202008,4호선,총신대입구(이수),350470,106432,384313,112049,456902,496362
202007,4호선,총신대입구(이수),416954,128297,461630,134740,545251,596370
202011,7호선,춘의,214653,27452,207644,26427,242105,234071
202010,7호선,춘의,205216,27257,197689,26260,232473,223949
202009,7호선,춘의,192929,24492,189806,23648,217421,213454
202008,7호선,춘의,191069,24524,186219,23586,215593,209805
202007,7호선,춘의,219497,28299,213765,27351,247796,241116
202011,경춘선,춘천,27485,11710,26114,10064,39195,36178
202010,경춘선,춘천,35644,16403,31711,13953,52047,45664
202009,경춘선,춘천,23365,10162,21184,9178,33527,30362
202008,경춘선,춘천,22041,12855,20611,11621,34896,32232
202007,경춘선,춘천,27983,14954,25304,12957,42937,38261
202011,4호선,충무로(4호선),553056,99657,576613,99776,652713,676389
202010,4호선,충무로(4호선),523042,97258,548072,98319,620300,646391
202009,4호선,충무로(4호선),474820,85298,495630,85196,560118,580826
202008,4호선,충무로(4호선),475538,86245,498088,86013,561783,584101
202007,4호선,충무로(4호선),585434,104666,615439,105167,690100,720606
202011,3호선,충무로(3호선),21,1,0,0,22,0
202010,3호선,충무로(3호선),25,4,0,0,29,0
202009,3호선,충무로(3호선),17,3,0,0,20,0
202008,3호선,충무로(3호선),16,1,0,0,17,0
202007,3호선,충무로(3호선),27,2,0,0,29,0
202011,5호선,충정로(경기대입구) 5호선,108062,12336,108977,12335,120398,121312
202010,5호선,충정로(경기대입구) 5호선,99875,11835,100314,12126,111710,112440
202009,5호선,충정로(경기대입구) 5호선,88514,10676,89626,10826,99190,100452
202008,5호선,충정로(경기대입구) 5호선,91746,11076,92622,11174,102822,103796
202007,5호선,충정로(경기대입구) 5호선,113054,12893,113609,13192,125947,126801
202011,2호선,충정로(경기대입구) 2호선,217936,40778,231458,40458,258714,271916
202010,2호선,충정로(경기대입구) 2호선,206218,40065,218202,39864,246283,258066
202009,2호선,충정로(경기대입구) 2호선,183878,36582,193758,36449,220460,230207
202008,2호선,충정로(경기대입구) 2호선,188870,36836,198750,36585,225706,235335
202007,2호선,충정로(경기대입구) 2호선,231389,42505,245871,42287,273894,288158
202011,경의선,탄현,163159,30332,155686,29801,193491,185487
202010,경의선,탄현,160335,31224,151685,30303,191559,181988
202009,경의선,탄현,134592,25784,130408,25212,160376,155620
202008,경의선,탄현,142015,25686,136928,25212,167701,162140
202007,경의선,탄현,175809,32339,168429,31741,208148,200170
202011,7호선,태릉입구(7호선),186095,34784,173231,32194,220879,205425
202010,7호선,태릉입구(7호선),183030,36047,169424,33544,219077,202968
202009,7호선,태릉입구(7호선),154172,29956,143063,27611,184128,170674
202008,7호선,태릉입구(7호선),163561,31284,151254,28960,194845,180214
202007,7호선,태릉입구(7호선),193934,37045,180926,34286,230979,215212
202011,6호선,태릉입구(6호선),116728,24419,131629,25693,141147,157322
202010,6호선,태릉입구(6호선),113484,25072,128859,26991,138556,155850
202009,6호선,태릉입구(6호선),99562,21117,109207,22473,120679,131680
202008,6호선,태릉입구(6호선),103048,21426,114164,22899,124474,137063
202007,6호선,태릉입구(6호선),123497,24940,138218,26755,148437,164973
202011,분당선,태평,278624,73429,262307,77035,352053,339342
202010,분당선,태평,276024,74870,257752,77537,350894,335289
202009,분당선,태평,246503,67361,231519,70342,313864,301861
202008,분당선,태평,261652,66398,244358,68947,328050,313305
202007,분당선,태평,299636,76337,279555,79301,375973,358856
202011,경춘선,퇴계원,72359,22190,64888,21246,94549,86134
202010,경춘선,퇴계원,72636,23491,65129,22432,96127,87561
202009,경춘선,퇴계원,62829,20274,57004,19388,83103,76392
202008,경춘선,퇴계원,64499,19680,57905,18969,84179,76874
202007,경춘선,퇴계원,77038,23842,69074,22862,100880,91936
202011,경의선,파주,31404,6404,23846,5439,37808,29285
202010,경의선,파주,34082,7235,25074,6446,41317,31520
202009,경의선,파주,21070,6506,14400,5616,27576,20016
202008,경의선,파주,20556,5977,15138,5093,26533,20231
202007,경의선,파주,33688,7130,24437,6216,40818,30653
202011,경강선,판교,103820,10192,101215,9210,114012,110425
202010,경강선,판교,97789,10657,96962,9474,108446,106436
202009,경강선,판교,82587,8983,80468,7960,91570,88428
202008,경강선,판교,89240,8945,88407,7818,98185,96225
202007,경강선,판교,110055,10820,109786,9030,120875,118816
202011,중앙선,팔당,19844,6547,20130,6684,26391,26814
202010,중앙선,팔당,26517,9535,28385,9666,36052,38051
202009,중앙선,팔당,21239,8095,21928,8153,29334,30081
202008,중앙선,팔당,18982,6796,18775,6879,25778,25654
202007,중앙선,팔당,23662,7893,23918,7947,31555,31865
202011,경춘선,평내호평,118222,35668,116762,34135,153890,150897
202010,경춘선,평내호평,119834,37798,118461,36293,157632,154754
202009,경춘선,평내호평,100177,32059,100408,30759,132236,131167
202008,경춘선,평내호평,103896,30394,102313,29358,134290,131671
202007,경춘선,평내호평,127298,36782,125075,35240,164080,160315
202011,과천선,평촌,388150,51833,383878,51880,439983,435758
202010,과천선,평촌,371762,52667,367705,52657,424429,420362
202009,과천선,평촌,335232,44734,333226,44900,379966,378126
202008,과천선,평촌,341767,44760,337535,44962,386527,382497
202007,과천선,평촌,420781,53698,414735,53956,474479,468691
202011,경부선,평택,278620,49683,281746,48669,328303,330415
202010,경부선,평택,293526,53833,290654,52390,347359,343044
202009,경부선,평택,228780,42796,226584,41644,271576,268228
202008,경부선,평택,249391,45659,247606,44132,295050,291738
202007,경부선,평택,286367,54247,282783,52713,340614,335496
202011,경의선,풍산,114410,26390,106445,25777,140800,132222
202010,경의선,풍산,114425,28280,106125,27721,142705,133846
202009,경의선,풍산,93750,22447,88548,21898,116197,110446
202008,경의선,풍산,99615,22547,92242,21986,122162,114228
202007,경의선,풍산,122527,28328,113096,27319,150855,140415
202011,7호선,하계,377087,82720,353400,79510,459807,432910
202010,7호선,하계,370785,85174,343956,81074,455959,425030
202009,7호선,하계,318195,71557,298414,68311,389752,366725
202008,7호선,하계,341304,73974,316847,71039,415278,387886
202007,7호선,하계,406307,88985,374844,84924,495292,459768
202011,5호선,하남풍산,104117,20611,100190,21836,124728,122026
202010,5호선,하남풍산,98633,21019,96940,22431,119652,119371
202009,5호선,하남풍산,79375,16687,80432,18297,96062,98729
202008,5호선,하남풍산,61067,16243,63255,17800,77310,81055
202011,7호선,학동,531359,51842,576106,48919,583201,625025
202010,7호선,학동,490470,48179,537429,45633,538649,583062
202009,7호선,학동,462368,42733,497820,39694,505101,537514
202008,7호선,학동,470664,43651,509213,40626,514315,549839
202007,7호선,학동,561136,52339,614358,48917,613475,663275
202011,3호선,학여울,43601,13928,45078,13640,57529,58718
202010,3호선,학여울,40534,12174,41852,11962,52708,53814
202009,3호선,학여울,27722,9520,28496,9378,37242,37874
202008,3호선,학여울,31926,10097,33111,10059,42023,43170
202007,3호선,학여울,44517,13138,46367,13139,57655,59506
202011,6호선,한강진,178900,13705,213549,13869,192605,227418
202010,6호선,한강진,196465,13534,236015,13333,209999,249348
202009,6호선,한강진,147474,11846,174250,11358,159320,185608
202008,6호선,한강진,159250,11708,190215,11254,170958,201469
202007,6호선,한강진,195150,14129,236537,13691,209279,250228
202011,경원선,한남,82936,25015,80484,23060,107951,103544
202010,경원선,한남,84253,25100,81682,23363,109353,105045
202009,경원선,한남,74616,22489,70194,20971,97105,91165
202008,경원선,한남,77192,22231,74289,20713,99423,95002
202007,경원선,한남,92913,25117,89013,23634,118030,112647
202011,안산선,한대앞,194822,36199,193580,36586,231021,230166
202010,안산선,한대앞,195828,37482,194051,37993,233310,232044
202009,안산선,한대앞,155634,31657,154903,32469,187291,187372
202008,안산선,한대앞,147781,26021,144356,26100,173802,170456
202007,안산선,한대앞,175111,31195,170994,31395,206306,202389
202011,4호선,한성대입구(삼선교),307876,60506,302043,59361,368382,361404
202010,4호선,한성대입구(삼선교),294317,60561,288931,59706,354878,348637
202009,4호선,한성대입구(삼선교),249926,52294,244004,51667,302220,295671
202008,4호선,한성대입구(삼선교),254467,51461,247782,50865,305928,298647
202007,4호선,한성대입구(삼선교),318782,62777,308007,61791,381559,369798
202011,9호선2~3단계,한성백제,50368,12249,45259,11083,62617,56342
202010,9호선2~3단계,한성백제,51753,12336,45957,10861,64089,56818
202009,9호선2~3단계,한성백제,41496,9686,36725,8887,51182,45612
202008,9호선2~3단계,한성백제,45706,10068,40574,9163,55774,49737
202007,9호선2~3단계,한성백제,52681,11806,46867,10999,64487,57866
202011,2호선,한양대,193058,11357,210112,11982,204415,222094
202010,2호선,한양대,182595,11172,203531,11787,193767,215318
202009,2호선,한양대,144842,10034,154060,10448,154876,164508
202008,2호선,한양대,148124,10275,153403,10461,158399,163864
202007,2호선,한양대,178950,11856,193111,12260,190806,205371
202011,분당선,한티,305251,52879,323897,53356,358130,377253
202010,분당선,한티,299631,52656,316235,53177,352287,369412
202009,분당선,한티,252570,45130,268886,45822,297700,314708
202008,분당선,한티,295359,46014,309726,46587,341373,356313
202007,분당선,한티,328958,55338,347286,55378,384296,402664
202011,6호선,합정(6호선),307489,32290,304529,30416,339779,334945
202010,6호선,합정(7호선),311765,33180,309449,30391,344945,339840
202009,6호선,합정(8호선),260313,27794,254979,25740,288107,280719
202008,6호선,합정(9호선),284649,28577,279503,26432,313226,305935
202007,6호선,합정(10호선),339679,32905,337242,30835,372584,368077
202011,2호선,합정(2호선),740497,57542,795825,57413,798039,853238
202010,2호선,합정(2호선),732410,58017,800065,58495,790427,858560
202009,2호선,합정(2호선),613106,48997,651066,48729,662103,699795
202008,2호선,합정(2호선),675803,50807,725787,51058,726610,776845
202007,2호선,합정(2호선),821832,60186,881101,59830,882018,940931
202011,5호선,행당,172357,41273,152058,36887,213630,188945
202010,5호선,행당,166244,41371,145274,36681,207615,181955
202009,5호선,행당,144212,36474,128267,32173,180686,160440
202008,5호선,행당,151872,36045,133739,32314,187917,166053
202007,5호선,행당,184557,42773,160664,38366,227330,199030
202011,경의선,행신,175666,27667,172430,28132,203333,200562
202010,경의선,행신,169401,28297,165484,28881,197698,194365
202009,경의선,행신,142217,23403,141197,23921,165620,165118
202008,경의선,행신,153014,23890,149693,24544,176904,174237
202007,경의선,행신,186368,29220,181531,29863,215588,211394
202011,4호선,혜화,738156,108207,752963,106362,846363,859325
202010,4호선,혜화,707776,103287,730345,101698,811063,832043
202009,4호선,혜화,564113,89247,571219,86699,653360,657918
202008,4호선,혜화,645606,89975,666517,88145,735581,754662
202007,4호선,혜화,780616,111363,809504,109399,891979,918903
202011,수인선,호구포,76120,15307,77411,15371,91427,92782
202010,수인선,호구포,73719,15924,73711,15856,89643,89567
202009,수인선,호구포,64921,14355,66466,14072,79276,80538
202008,수인선,호구포,63419,13632,64369,13316,77051,77685
202007,수인선,호구포,75567,15411,76393,15233,90978,91626
202011,공항철도 1호선,홍대입구(공항철도),221472,14031,228513,13211,235503,241724
202010,공항철도 1호선,홍대입구(공항철도),230842,14403,239681,13559,245245,253240
202009,공항철도 1호선,홍대입구(공항철도),175241,12021,175507,11468,187262,186975
202008,공항철도 1호선,홍대입구(공항철도),206505,12119,210289,11444,218624,221733
202007,공항철도 1호선,홍대입구(공항철도),246650,14128,254062,13347,260778,267409
202011,2호선,홍대입구(2호선),1306396,81110,1406694,78081,1387506,1484775
202010,2호선,홍대입구(2호선),1339966,81964,1476241,79278,1421930,1555519
202009,2호선,홍대입구(2호선),1002313,68516,1070633,65912,1070829,1136545
202008,2호선,홍대입구(2호선),1225205,71891,1316878,69618,1297096,1386496
202007,2호선,홍대입구(2호선),1467164,84556,1593450,81261,1551720,1674711
202011,경의선,홍대입구(경의선),40397,4250,47039,4636,44647,51675
202010,경의선,홍대입구(경의선),44119,4285,50942,4808,48404,55750
202009,경의선,홍대입구(경의선),33209,3689,36289,4078,36898,40367
202008,경의선,홍대입구(경의선),38307,3762,43558,4010,42069,47568
202007,경의선,홍대입구(경의선),45426,4431,52097,4757,49857,56854
202011,3호선,홍제,341904,116734,319954,115380,458638,435334
202010,3호선,홍제,335995,120817,312244,118423,456812,430667
202009,3호선,홍제,290022,106288,272451,104455,396310,376906
202008,3호선,홍제,302408,103649,280275,103063,406057,383338
202007,3호선,홍제,363696,123867,335089,122576,487563,457665
202011,우이신설선,화계,51573,33451,45644,34214,85024,79858
202010,우이신설선,화계,51040,34518,44380,34598,85558,78978
202009,우이신설선,화계,45914,29784,41041,30133,75698,71174
202008,우이신설선,화계,47005,28817,41316,29455,75822,70771
202007,우이신설선,화계,56003,34434,48343,34478,90437,82821
202011,5호선,화곡,615438,117819,569296,112568,733257,681864
202010,5호선,화곡,601385,118006,550243,112226,719391,662469
202009,5호선,화곡,533598,104646,489552,99721,638244,589273
202008,5호선,화곡,562235,106331,516351,101637,668566,617988
202007,5호선,화곡,662991,123095,603489,117169,786086,720658
202011,6호선,화랑대(서울여대입구),259601,38482,199560,33864,298083,233424
202010,6호선,화랑대(서울여대입구),253792,38786,194616,34661,292578,229277
202009,6호선,화랑대(서울여대입구),215680,32927,166363,29278,248607,195641
202008,6호선,화랑대(서울여대입구),223510,33216,170502,29232,256726,199734
202007,6호선,화랑대(서울여대입구),276423,40262,208107,35680,316685,243787
202011,경부선,화서,156166,32407,151150,31963,188573,183113
202010,경부선,화서,155235,34686,149351,34394,189921,183745
202009,경부선,화서,134829,28010,129913,27573,162839,157486
202008,경부선,화서,136930,27438,132457,27083,164368,159540
202007,경부선,화서,167707,33681,162769,33115,201388,195884
202011,경의선,화전,40321,8061,37024,7700,48382,44724
202010,경의선,화전,34692,8781,31605,8585,43473,40190
202009,경의선,화전,25167,7822,22889,7762,32989,30651
202008,경의선,화전,26833,7467,24640,7350,34300,31990
202007,경의선,화전,41657,8522,37457,8573,50179,46030
202011,일산선,화정,336503,92375,348045,95150,428878,443195
202010,일산선,화정,337526,97688,349305,100057,435214,449362
202009,일산선,화정,288484,81999,299379,84106,370483,383485
202008,일산선,화정,307022,83344,316250,85291,390366,401541
202007,일산선,화정,375403,104556,386416,107182,479959,493598
202011,중앙선,회기,541215,103196,523344,101952,644411,625296
202010,중앙선,회기,523839,107461,506870,105414,631300,612284
202009,중앙선,회기,434319,93152,411967,90911,527471,502878
202008,중앙선,회기,469452,92001,452056,90063,561453,542119
202007,중앙선,회기,565720,109764,540262,107852,675484,648114
202011,경원선,회룡,208266,116859,203632,116842,325125,320474
202010,경원선,회룡,205629,120103,199797,119721,325732,319518
202009,경원선,회룡,180206,102965,176625,102735,283171,279360
202008,경원선,회룡,183514,101427,178345,101426,284941,279771
202007,경원선,회룡,223082,120543,216396,120204,343625,336600
202011,4호선,회현(남대문시장),440997,135623,470870,134658,576620,605528
202010,4호선,회현(남대문시장),419362,143835,452790,144242,563197,597032
202009,4호선,회현(남대문시장),378123,108686,404282,108245,486809,512527
202008,4호선,회현(남대문시장),361358,98439,387246,97693,459797,484939
202007,4호선,회현(남대문시장),473191,164421,510832,164305,637612,675137
202011,경의선,효창공원앞(경의선),58264,12021,67084,13062,70285,80146
202010,경의선,효창공원앞(경의선),55696,12235,64089,13581,67931,77670
202009,경의선,효창공원앞(경의선),51389,10875,58284,11839,62264,70123
202008,경의선,효창공원앞(경의선),52389,11078,60269,11985,63467,72254
202007,경의선,효창공원앞(경의선),61249,12901,71048,14125,74150,85173
202011,6호선,효창공원앞(6호선),147545,33516,131044,31575,181061,162619
202010,6호선,효창공원앞(6호선),142843,34232,125383,31748,177075,157131
202009,6호선,효창공원앞(6호선),129614,30064,114246,28090,159678,142336
202008,6호선,효창공원앞(6호선),134090,29456,115264,27328,163546,142592
202007,6호선,효창공원앞(6호선),158088,34341,136640,31748,192429,168388
202011,9호선,흑석(중앙대입구),158466,43239,166454,43653,201705,210107
202010,9호선,흑석(중앙대입구),152429,42724,158368,42944,195153,201312
202009,9호선,흑석(중앙대입구),134840,37322,140806,37441,172162,178247
202008,9호선,흑석(중앙대입구),148066,38140,153722,38697,186206,192419
202007,9호선,흑석(중앙대입구),169447,44136,177692,44895,213583,222587
