사용월,호선명,지하철역,유임승차인원,무임승차인원,유임하차인원,무임하차인원,승차인원,하차인원
202001,우이신설선,4.19민주묘지,48479,30790,45553,28591,79269,74144
202002,우이신설선,4.19민주묘지,39903,25455,38727,23601,65358,62328
202003,우이신설선,4.19민주묘지,36273,22435,34979,20481,58708,55460
202004,우이신설선,4.19민주묘지,39048,26386,37343,24067,65434,61410
202005,우이신설선,4.19민주묘지,42705,30811,41923,28112,73516,70035
202006,우이신설선,4.19민주묘지,44084,29534,43335,26863,73618,70198
202007,우이신설선,4.19민주묘지,46501,31358,45351,28504,77859,73855
202008,우이신설선,4.19민주묘지,38134,25599,37443,23839,63733,61282
202009,우이신설선,4.19민주묘지,37894,27137,37524,24332,65031,61856
202010,우이신설선,4.19민주묘지,45957,31491,44921,27925,77448,72846
202011,우이신설선,4.19민주묘지,47094,28318,46851,25855,75412,72706
202012,우이신설선,4.19민주묘지,38101,24248,37715,21876,62349,59591
202001,경원선,가능,139509,55668,130930,54258,195177,185188
202002,경원선,가능,120171,44118,113818,42895,164289,156713
202003,경원선,가능,107890,36151,102071,35662,144041,137733
202004,경원선,가능,108463,39266,102037,38583,147729,140620
202005,경원선,가능,121800,48982,114776,48251,170782,163027
202006,경원선,가능,129295,47710,121195,46897,177005,168092
202007,경원선,가능,133578,48542,124978,47729,182120,172707
202008,경원선,가능,112259,42355,106356,41754,154614,148110
202009,경원선,가능,110725,42804,105744,42265,153529,148009
202010,경원선,가능,126311,47886,118468,47378,174197,165846
202011,경원선,가능,124021,44959,117330,44355,168980,161685
202012,경원선,가능,105409,38437,102096,37875,143846,139971
202001,3호선,가락시장(3호선),208246,79798,204666,77842,288044,282508
202002,3호선,가락시장(3호선),172661,54995,169154,53437,227656,222591
202003,3호선,가락시장(3호선),143880,44555,140216,43508,188435,183724
202004,3호선,가락시장(3호선),151513,52206,148756,50803,203719,199559
202005,3호선,가락시장(3호선),165689,62230,162985,60750,227919,223735
202006,3호선,가락시장(3호선),177620,63130,174979,61521,240750,236500
202007,3호선,가락시장(3호선),190070,66393,186105,64383,256463,250488
202008,3호선,가락시장(3호선),153418,57323,149134,55822,210741,204956
202009,3호선,가락시장(3호선),145109,61059,143578,60012,206168,203590
202010,3호선,가락시장(3호선),164955,64704,164274,63363,229659,227637
202011,3호선,가락시장(3호선),171702,65255,170692,64728,236957,235420
202012,3호선,가락시장(3호선),140260,54242,138646,52490,194502,191136
202001,8호선,가락시장(8호선),176733,63638,207825,65870,240371,273695
202002,8호선,가락시장(8호선),150725,44070,174380,44880,194795,219260
202003,8호선,가락시장(8호선),129938,40354,151835,41602,170292,193437
202004,8호선,가락시장(8호선),135171,45761,158704,47135,180932,205839
202005,8호선,가락시장(8호선),143829,51293,167906,52917,195122,220823
202006,8호선,가락시장(8호선),151222,49524,177543,51240,200746,228783
202007,8호선,가락시장(8호선),160265,52880,187371,54433,213145,241804
202008,8호선,가락시장(8호선),132159,45043,152942,46557,177202,199499
202009,8호선,가락시장(8호선),130201,53367,150156,55918,183568,206074
202010,8호선,가락시장(8호선),145422,54338,170401,55770,199760,226171
202011,8호선,가락시장(8호선),151100,54015,175749,55666,205115,231415
202012,8호선,가락시장(8호선),130705,47117,150144,48061,177822,198205
202001,경부선,가산디지털단지(1호선),444151,31703,526413,35256,475854,561669
202002,경부선,가산디지털단지(1호선),398649,26065,457838,28465,424714,486303
202003,경부선,가산디지털단지(1호선),344035,21464,396619,23683,365499,420302
202004,경부선,가산디지털단지(1호선),360626,24713,418975,28060,385339,447035
202005,경부선,가산디지털단지(1호선),375576,27986,444039,31756,403562,475795
202006,경부선,가산디지털단지(1호선),412567,27931,481451,31382,440498,512833
202007,경부선,가산디지털단지(1호선),426257,28865,501118,32268,455122,533386
202008,경부선,가산디지털단지(1호선),344095,24017,409202,26836,368112,436038
202009,경부선,가산디지털단지(1호선),345466,24941,412293,27096,370407,439389
202010,경부선,가산디지털단지(1호선),378906,28215,457559,31232,407121,488791
202011,경부선,가산디지털단지(1호선),398476,28226,478958,31513,426702,510471
202012,경부선,가산디지털단지(1호선),336800,24182,406971,26523,360982,433494
202001,7호선,가산디지털단지(7호선),1084436,73153,1080089,69045,1157589,1149134
202002,7호선,가산디지털단지(7호선),979194,63530,988569,60450,1042724,1049019
202003,7호선,가산디지털단지(7호선),872297,57930,883554,54751,930227,938305
202004,7호선,가산디지털단지(7호선),911796,65573,920837,61842,977369,982679
202005,7호선,가산디지털단지(7호선),946894,73862,947633,69312,1020756,1016945
202006,7호선,가산디지털단지(7호선),1044575,73504,1053890,69066,1118079,1122956
202007,7호선,가산디지털단지(7호선),1092353,75745,1102697,71659,1168098,1174356
202008,7호선,가산디지털단지(7호선),900351,63870,906263,60076,964221,966339
202009,7호선,가산디지털단지(7호선),903567,64811,907667,61662,968378,969329
202010,7호선,가산디지털단지(7호선),972651,71857,976959,68360,1044508,1045319
202011,7호선,가산디지털단지(7호선),1040049,74878,1042589,71209,1114927,1113798
202012,7호선,가산디지털단지(7호선),919322,66933,915518,63222,986255,978740
202001,9호선,가양,474134,122666,459955,119194,596800,579149
202002,9호선,가양,414599,96180,401321,93490,510779,494811
202003,9호선,가양,355997,80025,344855,78136,436022,422991
202004,9호선,가양,368520,89968,352855,87145,458488,440000
202005,9호선,가양,397945,104029,383612,101339,501974,484951
202006,9호선,가양,424994,101969,410307,99387,526963,509694
202007,9호선,가양,451203,108797,432818,106222,560000,539040
202008,9호선,가양,383522,95192,369427,93010,478714,462437
202009,9호선,가양,353358,92444,342966,90135,445802,433101
202010,9호선,가양,404031,105620,391342,102517,509651,493859
202011,9호선,가양,417077,103818,405307,101409,520895,506716
202012,9호선,가양,345493,87687,340755,85842,433180,426597
202001,우이신설선,가오리,73032,44403,68015,45861,117435,113876
202002,우이신설선,가오리,62825,34107,59400,36203,96932,95603
202003,우이신설선,가오리,55392,28375,52821,30340,83767,83161
202004,우이신설선,가오리,58169,32111,53523,33769,90280,87292
202005,우이신설선,가오리,62158,36997,57627,38053,99155,95680
202006,우이신설선,가오리,66589,36744,62129,38540,103333,100669
202007,우이신설선,가오리,70459,39060,65365,40383,109519,105748
202008,우이신설선,가오리,58535,33453,54887,34758,91988,89645
202009,우이신설선,가오리,56883,32940,54748,34259,89823,89007
202010,우이신설선,가오리,64150,38391,59478,39041,102541,98519
202011,우이신설선,가오리,64978,37677,61576,38992,102655,100568
202012,우이신설선,가오리,56107,31987,55316,33582,88094,88898
202001,경의선,가좌,109596,44656,98139,44778,154252,142917
202002,경의선,가좌,92294,32526,83243,32723,124820,115966
202003,경의선,가좌,79055,27187,70801,27520,106242,98321
202004,경의선,가좌,84219,32410,75638,32085,116629,107723
202005,경의선,가좌,93566,38425,84860,37824,131991,122684
202006,경의선,가좌,101344,36967,91191,36681,138311,127872
202007,경의선,가좌,108434,38997,96835,38313,147431,135148
202008,경의선,가좌,90809,32490,81512,32340,123299,113852
202009,경의선,가좌,85280,32454,77049,32212,117734,109261
202010,경의선,가좌,99031,37965,89793,37211,136996,127004
202011,경의선,가좌,103001,36505,92265,35668,139506,127933
202012,경의선,가좌,83245,29041,76122,28793,112286,104915
202001,분당선,가천대,173074,25481,197277,27650,198555,224927
202002,분당선,가천대,138921,19943,162527,21606,158864,184133
202003,분당선,가천대,113598,16556,134097,17910,130154,152007
202004,분당선,가천대,130806,18220,149594,19711,149026,169305
202005,분당선,가천대,166147,21054,184957,22362,187201,207319
202006,분당선,가천대,155890,20647,178340,21918,176537,200258
202007,분당선,가천대,175799,21984,198468,23270,197783,221738
202008,분당선,가천대,123260,19050,145674,20226,142310,165900
202009,분당선,가천대,132047,18858,151575,19891,150905,171466
202010,분당선,가천대,194814,21442,216388,22637,216256,239025
202011,분당선,가천대,188497,21721,213739,22649,210218,236388
202012,분당선,가천대,156552,18751,175149,19462,175303,194611
202001,경춘선,가평,43727,12762,45116,12332,56489,57448
202002,경춘선,가평,32525,9174,33204,8920,41699,42124
202003,경춘선,가평,21205,8253,21301,8084,29458,29385
202004,경춘선,가평,26754,12024,27500,11976,38778,39476
202005,경춘선,가평,35876,14690,35813,14585,50566,50398
202006,경춘선,가평,37648,13689,37936,13547,51337,51483
202007,경춘선,가평,59884,13875,62019,13592,73759,75611
202008,경춘선,가평,46124,9992,46492,9766,56116,56258
202009,경춘선,가평,27566,11115,28816,11020,38681,39836
202010,경춘선,가평,43523,17900,42941,17682,61423,60623
202011,경춘선,가평,33860,11656,34227,11507,45516,45734
202012,경춘선,가평,21781,7953,22420,7775,29734,30195
202001,경인선,간석,138937,45785,130757,44144,184722,174901
202002,경인선,간석,116255,33714,109605,32334,149969,141939
202003,경인선,간석,98375,26738,92555,25370,125113,117925
202004,경인선,간석,103611,30267,97454,28927,133878,126381
202005,경인선,간석,110871,36035,104592,34353,146906,138945
202006,경인선,간석,117124,34038,110740,32658,151162,143398
202007,경인선,간석,125774,36999,118979,35407,162773,154386
202008,경인선,간석,104600,32044,99687,30728,136644,130415
202009,경인선,간석,99559,31915,95216,30735,131474,125951
202010,경인선,간석,115111,36689,108387,34975,151800,143362
202011,경인선,간석,115352,35384,108951,34056,150736,143007
202012,경인선,간석,95905,29076,92051,28004,124981,120055
202001,경춘선,갈매,59768,17009,49648,16091,76777,65739
202002,경춘선,갈매,53471,13525,44952,12802,66996,57754
202003,경춘선,갈매,48686,12455,41409,11935,61141,53344
202004,경춘선,갈매,50586,14460,43210,13511,65046,56721
202005,경춘선,갈매,54815,16423,46918,15520,71238,62438
202006,경춘선,갈매,59868,15667,50129,14953,75535,65082
202007,경춘선,갈매,63882,16821,53381,16151,80703,69532
202008,경춘선,갈매,52135,13625,44292,13187,65760,57479
202009,경춘선,갈매,51425,14303,43591,13601,65728,57192
202010,경춘선,갈매,60401,16475,50747,15806,76876,66553
202011,경춘선,갈매,61603,16110,51230,15302,77713,66532
202012,경춘선,갈매,51317,13340,43652,12819,64657,56471
202001,2호선,강남,2784689,172268,2866156,154536,2956957,3020692
202002,2호선,강남,2283516,139949,2345497,124624,2423465,2470121
202003,2호선,강남,1761034,119179,1798224,105119,1880213,1903343
202004,2호선,강남,1893747,126471,1931393,111384,2020218,2042777
202005,2호선,강남,2010031,145213,2024007,128063,2155244,2152070
202006,2호선,강남,2098288,148919,2132736,131690,2247207,2264426
202007,2호선,강남,2402912,156106,2460256,138149,2559018,2598405
202008,2호선,강남,1926255,129625,1962805,115438,2055880,2078243
202009,2호선,강남,1565184,120841,1575148,106900,1686025,1682048
202010,2호선,강남,1940463,139031,1989674,124122,2079494,2113796
202011,2호선,강남,2019373,144790,2046712,129444,2164163,2176156
202012,2호선,강남,1481312,125963,1449540,111068,1607275,1560608
202001,7호선,강남구청(7호선),385889,44303,435323,44498,430192,479821
202002,7호선,강남구청(7호선),361623,37669,408724,37700,399292,446424
202003,7호선,강남구청(7호선),311994,30228,353223,30343,342222,383566
202004,7호선,강남구청(7호선),318367,32176,361266,32402,350543,393668
202005,7호선,강남구청(7호선),338096,37387,382995,37691,375483,420686
202006,7호선,강남구청(7호선),362887,38755,413419,39045,401642,452464
202007,7호선,강남구청(7호선),379402,40895,432660,40923,420297,473583
202008,7호선,강남구청(7호선),319926,33650,363686,34286,353576,397972
202009,7호선,강남구청(7호선),310411,33394,347829,33299,343805,381128
202010,7호선,강남구청(7호선),338837,38055,385939,38225,376892,424164
202011,7호선,강남구청(7호선),356949,39177,401615,39446,396126,441061
202012,7호선,강남구청(7호선),309741,33467,338088,33191,343208,371279
202001,분당선,강남구청(분당선),227505,39102,266069,42373,266607,308442
202002,분당선,강남구청(분당선),204431,29320,239356,31723,233751,271079
202003,분당선,강남구청(분당선),164821,21423,193806,23185,186244,216991
202004,분당선,강남구청(분당선),170902,23680,200981,25805,194582,226786
202005,분당선,강남구청(분당선),185531,29321,218221,31861,214852,250082
202006,분당선,강남구청(분당선),204888,31093,240579,33622,235981,274201
202007,분당선,강남구청(분당선),218115,32979,255747,35608,251094,291355
202008,분당선,강남구청(분당선),178966,27484,208650,29311,206450,237961
202009,분당선,강남구청(분당선),167042,26164,195667,28666,193206,224333
202010,분당선,강남구청(분당선),190758,30675,224646,33573,221433,258219
202011,분당선,강남구청(분당선),202028,31453,236851,33895,233481,270746
202012,분당선,강남구청(분당선),167762,25302,194262,27582,193064,221844
202001,5호선,강동,484567,107448,424358,97022,592015,521380
202002,5호선,강동,422702,81558,371973,74165,504260,446138
202003,5호선,강동,367590,64200,323354,59300,431790,382654
202004,5호선,강동,394279,72316,340513,67055,466595,407568
202005,5호선,강동,446378,87235,380030,80357,533613,460387
202006,5호선,강동,470626,88045,403620,80427,558671,484047
202007,5호선,강동,493546,92208,425812,85751,585754,511563
202008,5호선,강동,389017,76288,348676,71775,465305,420451
202009,5호선,강동,357668,70729,327282,67326,428397,394608
202010,5호선,강동,402699,83799,371268,79436,486498,450704
202011,5호선,강동,423052,84124,393631,79205,507176,472836
202012,5호선,강동,357160,69906,334667,65754,427066,400421
202001,8호선,강동구청,244678,64880,251225,66088,309558,317313
202002,8호선,강동구청,211565,47581,217530,48261,259146,265791
202003,8호선,강동구청,181883,37811,187955,38301,219694,226256
202004,8호선,강동구청,186432,41655,191810,42195,228087,234005
202005,8호선,강동구청,199541,51640,209610,52550,251181,262160
202006,8호선,강동구청,212545,51169,224030,51713,263714,275743
202007,8호선,강동구청,228052,53521,237229,54452,281573,291681
202008,8호선,강동구청,190566,45331,198670,45661,235897,244331
202009,8호선,강동구청,181807,44191,190380,44841,225998,235221
202010,8호선,강동구청,203332,51022,209657,51568,254354,261225
202011,8호선,강동구청,212072,51641,219890,52240,263713,272130
202012,8호선,강동구청,183678,42922,194559,43733,226600,238292
202001,경의선,강매,66128,16183,54540,15372,82311,69912
202002,경의선,강매,57794,12345,47574,11988,70139,59562
202003,경의선,강매,51537,11009,43333,10658,62546,53991
202004,경의선,강매,54179,12705,45335,12176,66884,57511
202005,경의선,강매,57613,14871,48077,14198,72484,62275
202006,경의선,강매,61831,14593,51638,14039,76424,65677
202007,경의선,강매,66238,15162,54451,14502,81400,68953
202008,경의선,강매,53809,12508,44708,12109,66317,56817
202009,경의선,강매,53319,13407,44449,12801,66726,57250
202010,경의선,강매,62380,15494,52019,14820,77874,66839
202011,경의선,강매,63358,14634,52804,14076,77992,66880
202012,경의선,강매,51878,11837,44230,11690,63715,55920
202001,2호선,강변(동서울터미널),1119525,132190,1109529,127900,1251715,1237429
202002,2호선,강변(동서울터미널),837654,92134,827917,89047,929788,916964
202003,2호선,강변(동서울터미널),635455,70936,627891,69096,706391,696987
202004,2호선,강변(동서울터미널),676082,83345,673317,81844,759427,755161
202005,2호선,강변(동서울터미널),790927,103186,778614,100997,894113,879611
202006,2호선,강변(동서울터미널),789827,102389,783015,99457,892216,882472
202007,2호선,강변(동서울터미널),860119,105763,857117,103150,965882,960267
202008,2호선,강변(동서울터미널),720750,89040,721532,87252,809790,808784
202009,2호선,강변(동서울터미널),611091,81944,625203,80915,693035,706118
202010,2호선,강변(동서울터미널),769026,102892,743680,101860,871918,845540
202011,2호선,강변(동서울터미널),755109,98010,757373,96939,853119,854312
202012,2호선,강변(동서울터미널),560010,75056,566810,73164,635066,639974
202001,경춘선,강촌,8906,3219,8366,3097,12125,11463
202002,경춘선,강촌,6902,2559,6509,2574,9461,9083
202003,경춘선,강촌,6091,2950,5638,3023,9041,8661
202004,경춘선,강촌,8496,4780,8037,4829,13276,12866
202005,경춘선,강촌,10398,5675,9229,5604,16073,14833
202006,경춘선,강촌,10356,5094,9683,5319,15450,15002
202007,경춘선,강촌,13572,5114,11762,5337,18686,17099
202008,경춘선,강촌,10328,3556,8892,3716,13884,12608
202009,경춘선,강촌,7867,4272,7568,4409,12139,11977
202010,경춘선,강촌,13982,6218,12527,6404,20200,18931
202011,경춘선,강촌,10030,3831,9671,3969,13861,13640
202012,경춘선,강촌,5426,2563,5710,2612,7989,8322
202001,5호선,개롱,149443,44942,153805,46397,194385,200202
202002,5호선,개롱,129130,33466,132751,34521,162596,167272
202003,5호선,개롱,105280,25551,109952,26572,130831,136524
202004,5호선,개롱,109452,29028,113491,30013,138480,143504
202005,5호선,개롱,121930,35439,126544,36353,157369,162897
202006,5호선,개롱,131169,34484,135135,35207,165653,170342
202007,5호선,개롱,139339,37418,143369,38165,176757,181534
202008,5호선,개롱,115749,32479,121588,33664,148228,155252
202009,5호선,개롱,107500,30562,111978,31863,138062,143841
202010,5호선,개롱,127046,36395,130286,37782,163441,168068
202011,5호선,개롱,129824,37267,135090,38757,167091,173847
202012,5호선,개롱,104839,28663,110720,30029,133502,140749
202001,경인선,개봉,518868,154913,509931,159968,673781,669899
202002,경인선,개봉,427835,112470,425739,117396,540305,543135
202003,경인선,개봉,366510,88174,366082,92209,454684,458291
202004,경인선,개봉,389529,104164,386990,108159,493693,495149
202005,경인선,개봉,428485,125709,428962,131302,554194,560264
202006,경인선,개봉,444091,119862,444044,125242,563953,569286
202007,경인선,개봉,474278,130202,471400,135681,604480,607081
202008,경인선,개봉,401194,111449,399731,116185,512643,515916
202009,경인선,개봉,386419,111138,390711,116276,497557,506987
202010,경인선,개봉,445218,129378,442399,135055,574596,577454
202011,경인선,개봉,449075,126593,452220,132517,575668,584737
202012,경인선,개봉,374411,102644,384859,108465,477055,493324
202001,분당선,개포동,81514,24588,83787,25571,106102,109358
202002,분당선,개포동,70100,17060,73354,17734,87160,91088
202003,분당선,개포동,52494,11536,55843,11970,64030,67813
202004,분당선,개포동,56116,13775,59165,14162,69891,73327
202005,분당선,개포동,63741,17477,67318,17947,81218,85265
202006,분당선,개포동,70307,17429,74291,18052,87736,92343
202007,분당선,개포동,81372,19536,83900,19985,100908,103885
202008,분당선,개포동,65459,15668,68298,16108,81127,84406
202009,분당선,개포동,58788,14351,61232,14449,73139,75681
202010,분당선,개포동,71998,17855,73055,18037,89853,91092
202011,분당선,개포동,76589,19052,78006,19150,95641,97156
202012,분당선,개포동,61421,13998,63488,14144,75419,77632
202001,9호선,개화,64100,12226,44540,9706,76326,54246
202002,9호선,개화,53224,9510,37169,7587,62734,44756
202003,9호선,개화,45463,8700,31726,6970,54163,38696
202004,9호선,개화,46762,10300,33206,8528,57062,41734
202005,9호선,개화,49170,12303,35839,10303,61473,46142
202006,9호선,개화,52945,11918,37896,9808,64863,47704
202007,9호선,개화,55626,12463,40251,10432,68089,50683
202008,9호선,개화,48491,10627,35642,9041,59118,44683
202009,9호선,개화,48262,10524,35542,8942,58786,44484
202010,9호선,개화,53777,12633,39310,10710,66410,50020
202011,9호선,개화,54710,11014,39148,9065,65724,48213
202012,9호선,개화,44048,8509,32997,6977,52557,39974
202001,5호선,개화산,130675,35222,124878,33640,165897,158518
202002,5호선,개화산,114985,27656,109874,27015,142641,136889
202003,5호선,개화산,100180,23997,96001,24461,124177,120462
202004,5호선,개화산,99562,27112,94426,27664,126674,122090
202005,5호선,개화산,100755,29699,95480,29929,130454,125409
202006,5호선,개화산,106205,29363,99627,29431,135568,129058
202007,5호선,개화산,111965,31272,104945,31135,143237,136080
202008,5호선,개화산,95203,26435,89712,26245,121638,115957
202009,5호선,개화산,90541,26533,85781,26862,117074,112643
202010,5호선,개화산,103339,30472,96742,30173,133811,126915
202011,5호선,개화산,103542,29737,96992,29263,133279,126255
202012,5호선,개화산,88821,25283,85358,25501,114104,110859
202001,5호선,거여,168717,55476,155969,54081,224193,210050
202002,5호선,거여,146804,41599,136166,41264,188403,177430
202003,5호선,거여,126698,33895,117520,34027,160593,151547
202004,5호선,거여,131550,37784,120963,37537,169334,158500
202005,5호선,거여,144155,44954,133556,43874,189109,177430
202006,5호선,거여,157717,44104,147287,43532,201821,190819
202007,5호선,거여,168608,46820,156870,46179,215428,203049
202008,5호선,거여,140130,40680,130897,40131,180810,171028
202009,5호선,거여,136337,39734,127772,39062,176071,166834
202010,5호선,거여,154710,45191,144354,44473,199901,188827
202011,5호선,거여,161644,45335,150918,44419,206979,195337
202012,5호선,거여,133028,37741,126964,37645,170769,164609
202001,2호선,건대입구(2호선),1133278,92488,1246969,95998,1225766,1342967
202002,2호선,건대입구(2호선),894294,70630,969510,73171,964924,1042681
202003,2호선,건대입구(2호선),755837,58734,815148,60833,814571,875981
202004,2호선,건대입구(2호선),800408,65268,872176,67494,865676,939670
202005,2호선,건대입구(2호선),856580,75215,936767,77792,931795,1014559
202006,2호선,건대입구(2호선),846340,74933,933529,77529,921273,1011058
202007,2호선,건대입구(2호선),946214,78039,1050904,81110,1024253,1132014
202008,2호선,건대입구(2호선),780809,65701,859828,68979,846510,928807
202009,2호선,건대입구(2호선),685525,65132,746414,67688,750657,814102
202010,2호선,건대입구(2호선),854490,77091,950677,79690,931581,1030367
202011,2호선,건대입구(2호선),854644,75583,931533,78360,930227,1009893
202012,2호선,건대입구(2호선),629054,62418,674812,65061,691472,739873
202001,7호선,건대입구(7호선),377953,55994,413193,51248,433947,464441
202002,7호선,건대입구(7호선),289068,39284,316672,35840,328352,352512
202003,7호선,건대입구(7호선),240874,31071,258464,27724,271945,286188
202004,7호선,건대입구(7호선),254178,35522,275388,31603,289700,306991
202005,7호선,건대입구(7호선),279515,41154,303454,37252,320669,340706
202006,7호선,건대입구(7호선),284215,42162,306129,38101,326377,344230
202007,7호선,건대입구(7호선),306877,44759,334150,40600,351636,374750
202008,7호선,건대입구(7호선),262764,38794,278366,34551,301558,312917
202009,7호선,건대입구(7호선),240763,36345,251832,32347,277108,284179
202010,7호선,건대입구(7호선),279713,41921,302417,38192,321634,340609
202011,7호선,건대입구(7호선),283577,42162,304188,37614,325739,341802
202012,7호선,건대입구(7호선),240773,36849,243659,32636,277622,276295
202001,경의선,검암(경의선),8,0,0,0,8,0
202002,경의선,검암(경의선),3,0,0,0,3,0
202004,경의선,검암(경의선),1,0,0,0,1,0
202005,경의선,검암(경의선),4,0,0,0,4,0
202006,경의선,검암(경의선),2,0,0,0,2,0
202007,경의선,검암(경의선),1,0,0,0,1,0
202010,경의선,검암(경의선),1,0,0,0,1,0
202001,공항철도 1호선,검암(공항철도),212871,17570,203816,17228,230441,221044
202002,공항철도 1호선,검암(공항철도),177621,13010,170153,12788,190631,182941
202003,공항철도 1호선,검암(공항철도),152916,11281,147852,11438,164197,159290
202004,공항철도 1호선,검암(공항철도),155879,12990,150620,13236,168869,163856
202005,공항철도 1호선,검암(공항철도),164043,15265,160701,15342,179308,176043
202006,공항철도 1호선,검암(공항철도),173912,14889,169018,15055,188801,184073
202007,공항철도 1호선,검암(공항철도),185319,15763,180223,15768,201082,195991
202008,공항철도 1호선,검암(공항철도),155457,13363,152313,13406,168820,165719
202009,공항철도 1호선,검암(공항철도),147686,13311,146458,13559,160997,160017
202010,공항철도 1호선,검암(공항철도),171661,16391,168758,16895,188052,185653
202011,공항철도 1호선,검암(공항철도),171428,14965,167354,15013,186393,182367
202012,공항철도 1호선,검암(공항철도),140519,12180,138013,12183,152699,150196
202001,경강선,경기광주,177901,26847,165779,27175,204748,192954
202002,경강선,경기광주,148267,19399,139244,19977,167666,159221
202003,경강선,경기광주,118743,15323,111964,15955,134066,127919
202004,경강선,경기광주,132122,18363,123686,18846,150485,142532
202005,경강선,경기광주,148996,22367,140635,22750,171363,163385
202006,경강선,경기광주,159211,22441,150488,22770,181652,173258
202007,경강선,경기광주,171533,23887,159696,24153,195420,183849
202008,경강선,경기광주,140041,19352,131342,19917,159393,151259
202009,경강선,경기광주,132896,19726,126022,20404,152622,146426
202010,경강선,경기광주,157383,23246,146863,23467,180629,170330
202011,경강선,경기광주,159103,22337,149289,23007,181440,172296
202012,경강선,경기광주,126325,18040,121585,18749,144365,140334
202001,과천선,경마공원,105500,53066,108231,52977,158566,161208
202002,과천선,경마공원,96456,43453,98647,43706,139909,142353
202003,과천선,경마공원,19080,5668,19299,5503,24748,24802
202004,과천선,경마공원,19729,6943,19685,6487,26672,26172
202005,과천선,경마공원,22706,8345,22257,7887,31051,30144
202006,과천선,경마공원,23652,7682,23367,7480,31334,30847
202007,과천선,경마공원,28138,8564,28355,8552,36702,36907
202008,과천선,경마공원,23330,6390,23075,6189,29720,29264
202009,과천선,경마공원,19971,6563,19915,6521,26534,26436
202010,과천선,경마공원,24853,9063,24504,8673,33916,33177
202011,과천선,경마공원,41846,18429,41445,17645,60275,59090
202012,과천선,경마공원,20119,6773,20005,6561,26892,26566
202001,3호선,경복궁(정부서울청사),566937,102001,579541,93531,668938,673072
202002,3호선,경복궁(정부서울청사),433334,67207,432360,61463,500541,493823
202003,3호선,경복궁(정부서울청사),315449,43351,317729,41148,358800,358877
202004,3호선,경복궁(정부서울청사),346535,50945,352705,47819,397480,400524
202005,3호선,경복궁(정부서울청사),394010,61977,401023,58599,455987,459622
202006,3호선,경복궁(정부서울청사),412382,61029,415133,57636,473411,472769
202007,3호선,경복궁(정부서울청사),448691,67590,453376,64250,516281,517626
202008,3호선,경복궁(정부서울청사),356519,61131,354489,57652,417650,412141
202009,3호선,경복궁(정부서울청사),329665,50863,328044,47450,380528,375494
202010,3호선,경복궁(정부서울청사),424003,65322,432637,62426,489325,495063
202011,3호선,경복궁(정부서울청사),443671,70318,449717,69316,513989,519033
202012,3호선,경복궁(정부서울청사),313296,50512,307062,47913,363808,354975
202001,3호선,경찰병원,182796,43507,181280,44149,226303,225429
202002,3호선,경찰병원,158029,31676,156815,31942,189705,188757
202003,3호선,경찰병원,131391,24495,131347,24897,155886,156244
202004,3호선,경찰병원,136998,27892,135772,28472,164890,164244
202005,3호선,경찰병원,146688,33348,145882,34097,180036,179979
202006,3호선,경찰병원,160624,34523,159155,35151,195147,194306
202007,3호선,경찰병원,171555,37418,169684,38296,208973,207980
202008,3호선,경찰병원,141207,31187,140298,32089,172394,172387
202009,3호선,경찰병원,133226,29704,131690,30435,162930,162125
202010,3호선,경찰병원,148735,34277,147910,35131,183012,183041
202011,3호선,경찰병원,155480,34210,154356,35043,189690,189399
202012,3호선,경찰병원,131560,28418,131319,29344,159978,160663
202001,경의선,계양(경의선),5,0,0,0,5,0
202002,경의선,계양(경의선),4,1,0,0,5,0
202003,경의선,계양(경의선),3,0,0,0,3,0
202004,경의선,계양(경의선),5,0,0,0,5,0
202005,경의선,계양(경의선),4,0,0,0,4,0
202006,경의선,계양(경의선),7,0,0,0,7,0
202007,경의선,계양(경의선),3,0,0,0,3,0
202008,경의선,계양(경의선),7,0,0,0,7,0
202009,경의선,계양(경의선),4,0,0,0,4,0
202010,경의선,계양(경의선),4,0,0,0,4,0
202011,경의선,계양(경의선),2,0,0,0,2,0
202012,경의선,계양(경의선),2,0,0,0,2,0
202001,공항철도 1호선,계양(공항철도),257652,25459,235528,23993,283111,259521
202002,공항철도 1호선,계양(공항철도),214782,18650,195515,17646,233432,213161
202003,공항철도 1호선,계양(공항철도),186406,15510,169621,14691,201916,184312
202004,공항철도 1호선,계양(공항철도),194867,17865,175797,16638,212732,192435
202005,공항철도 1호선,계양(공항철도),207058,21076,188611,19549,228134,208160
202006,공항철도 1호선,계양(공항철도),217926,20529,198349,19358,238455,217707
202007,공항철도 1호선,계양(공항철도),234989,22086,213068,20920,257075,233988
202008,공항철도 1호선,계양(공항철도),199331,18461,183330,17487,217792,200817
202009,공항철도 1호선,계양(공항철도),188788,18415,174201,17302,207203,191503
202010,공항철도 1호선,계양(공항철도),222332,23108,199870,21234,245440,221104
202011,공항철도 1호선,계양(공항철도),224614,21145,203478,19732,245759,223210
202012,공항철도 1호선,계양(공항철도),180604,16807,170090,15812,197411,185902
202001,5호선,고덕,207448,60907,205808,60210,268355,266018
202002,5호선,고덕,170850,42383,171954,42528,213233,214482
202003,5호선,고덕,140190,31254,143557,31268,171444,174825
202004,5호선,고덕,149696,35636,151867,35742,185332,187609
202005,5호선,고덕,164142,42906,166612,42964,207048,209576
202006,5호선,고덕,178049,43331,178300,43554,221380,221854
202007,5호선,고덕,192245,46861,190776,47451,239106,238227
202008,5호선,고덕,158179,39971,156250,39618,198150,195868
202009,5호선,고덕,150437,38968,147815,38659,189405,186474
202010,5호선,고덕,175920,46267,169595,45763,222187,215358
202011,5호선,고덕,182159,47165,176415,46758,229324,223173
202012,5호선,고덕,146058,37844,145873,37533,183902,183406
202001,6호선,고려대(종암),211145,34043,200951,34312,245188,235263
202002,6호선,고려대(종암),175882,26129,168720,26554,202011,195274
202003,6호선,고려대(종암),141692,21573,135022,22209,163265,157231
202004,6호선,고려대(종암),146391,24228,139076,24690,170619,163766
202005,6호선,고려대(종암),165622,27676,157029,28113,193298,185142
202006,6호선,고려대(종암),178584,27264,170639,27527,205848,198166
202007,6호선,고려대(종암),187664,28714,176998,29014,216378,206012
202008,6호선,고려대(종암),154785,23796,146953,24118,178581,171071
202009,6호선,고려대(종암),152238,24167,144401,24308,176405,168709
202010,6호선,고려대(종암),172194,28019,164097,28436,200213,192533
202011,6호선,고려대(종암),173271,27664,165235,28053,200935,193288
202012,6호선,고려대(종암),141377,23099,135990,23862,164476,159852
202009,수인선,고색,29462,5957,29869,5855,35419,35724
202010,수인선,고색,59144,10387,58042,9850,69531,67892
202011,수인선,고색,65897,9766,64116,9032,75663,73148
202012,수인선,고색,60171,8822,58903,8120,68993,67023
202001,3호선,고속터미널(3호선),1540463,182988,1533571,175433,1723451,1709004
202002,3호선,고속터미널(3호선),1027587,109638,1006204,105316,1137225,1111520
202003,3호선,고속터미널(3호선),713135,77565,696285,73707,790700,769992
202004,3호선,고속터미널(3호선),842839,99667,845237,96512,942506,941749
202005,3호선,고속터미널(3호선),1051579,132738,1036132,127615,1184317,1163747
202006,3호선,고속터미널(3호선),1019337,134121,1007840,128490,1153458,1136330
202007,3호선,고속터미널(3호선),1124153,143264,1113763,136545,1267417,1250308
202008,3호선,고속터미널(3호선),969683,121205,967097,115707,1090888,1082804
202009,3호선,고속터미널(3호선),783391,106977,820278,102678,890368,922956
202010,3호선,고속터미널(3호선),1037161,135138,1000447,129822,1172299,1130269
202011,3호선,고속터미널(3호선),1001968,132651,1002858,126911,1134619,1129769
202012,3호선,고속터미널(3호선),765025,105692,775014,100413,870717,875427
202001,7호선,고속터미널(7호선),546867,78993,422141,69138,625860,491279
202002,7호선,고속터미널(7호선),371768,53157,307738,47090,424925,354828
202003,7호선,고속터미널(7호선),273544,37810,233281,33227,311354,266508
202004,7호선,고속터미널(7호선),303621,45107,259525,39246,348728,298771
202005,7호선,고속터미널(7호선),368935,57086,299151,48740,426021,347891
202006,7호선,고속터미널(7호선),363056,57757,305252,49810,420813,355062
202007,7호선,고속터미널(7호선),386739,57596,321315,50565,444335,371880
202008,7호선,고속터미널(7호선),347990,50186,278722,43270,398176,321992
202009,7호선,고속터미널(7호선),282684,46041,248643,40482,328725,289125
202010,7호선,고속터미널(7호선),376148,58526,295972,50633,434674,346605
202011,7호선,고속터미널(7호선),374261,59121,307450,51535,433382,358985
202012,7호선,고속터미널(7호선),283373,46137,244655,40965,329510,285620
202001,9호선,고속터미널(9호선),386394,53528,558680,62649,439922,621329
202002,9호선,고속터미널(9호선),265934,34590,380502,39643,300524,420145
202003,9호선,고속터미널(9호선),191027,25511,252811,28268,216538,281079
202004,9호선,고속터미널(9호선),221968,31873,302117,35949,253841,338066
202005,9호선,고속터미널(9호선),275512,41669,370753,47604,317181,418357
202006,9호선,고속터미널(9호선),278363,42412,370325,48546,320775,418871
202007,9호선,고속터미널(9호선),305853,45681,415030,52651,351534,467681
202008,9호선,고속터미널(9호선),254528,38603,350178,44412,293131,394590
202009,9호선,고속터미널(9호선),215759,35050,294445,40020,250809,334465
202010,9호선,고속터미널(9호선),279694,44133,366456,50395,323827,416851
202011,9호선,고속터미널(9호선),271020,43118,367610,49287,314138,416897
202012,9호선,고속터미널(9호선),203177,34974,270025,38990,238151,309015
202001,안산선,고잔,205727,32311,201307,31508,238038,232815
202002,안산선,고잔,172297,24382,168722,23851,196679,192573
202003,안산선,고잔,149617,20279,145787,19551,169896,165338
202004,안산선,고잔,159038,22906,153918,22331,181944,176249
202005,안산선,고잔,173321,27516,169805,26539,200837,196344
202006,안산선,고잔,179868,27823,176863,26751,207691,203614
202007,안산선,고잔,187886,28783,184082,27322,216669,211404
202008,안산선,고잔,158565,23586,153735,22676,182151,176411
202009,안산선,고잔,160121,24650,154863,23705,184771,178568
202010,안산선,고잔,192372,30025,181874,28463,222397,210337
202011,안산선,고잔,194314,28508,189008,27541,222822,216549
202012,안산선,고잔,161303,22686,155626,21874,183989,177500
202001,경의선,곡산,10968,4143,11541,3998,15111,15539
202002,경의선,곡산,9279,3312,9746,3119,12591,12865
202003,경의선,곡산,8430,3098,8991,3081,11528,12072
202004,경의선,곡산,8927,3824,9651,3800,12751,13451
202005,경의선,곡산,9727,4644,10411,4580,14371,14991
202006,경의선,곡산,10572,4280,11250,4297,14852,15547
202007,경의선,곡산,11219,4649,12036,4686,15868,16722
202008,경의선,곡산,9292,3861,9471,3790,13153,13261
202009,경의선,곡산,9214,3791,9746,3839,13005,13585
202010,경의선,곡산,11098,5058,11798,5007,16156,16805
202011,경의선,곡산,10785,4362,11375,4398,15147,15773
202012,경의선,곡산,8185,3380,8670,3319,11565,11989
202001,경강선,곤지암,49865,10748,47241,10835,60613,58076
202002,경강선,곤지암,37885,7444,36563,7705,45329,44268
202003,경강선,곤지암,29891,6107,30617,6320,35998,36937
202004,경강선,곤지암,34549,7780,34907,8067,42329,42974
202005,경강선,곤지암,41024,9853,41740,10227,50877,51967
202006,경강선,곤지암,46667,9513,46364,9899,56180,56263
202007,경강선,곤지암,47832,9992,47320,10354,57824,57674
202008,경강선,곤지암,37630,8209,37987,8509,45839,46496
202009,경강선,곤지암,37829,8434,39098,8875,46263,47973
202010,경강선,곤지암,51293,11347,51814,11811,62640,63625
202011,경강선,곤지암,51772,10547,51493,10868,62319,62361
202012,경강선,곤지암,37259,7430,36785,7507,44689,44292
202001,5호선,공덕(5호선),347185,44463,376794,42262,391648,419056
202002,5호선,공덕(5호선),310000,34067,337520,32438,344067,369958
202003,5호선,공덕(5호선),261189,28001,284925,26522,289190,311447
202004,5호선,공덕(5호선),272459,30968,298926,29254,303427,328180
202005,5호선,공덕(5호선),292087,36354,320874,34316,328441,355190
202006,5호선,공덕(5호선),316596,35865,346711,34092,352461,380803
202007,5호선,공덕(5호선),339102,38424,369014,36447,377526,405461
202008,5호선,공덕(5호선),271216,31597,293221,29977,302813,323198
202009,5호선,공덕(5호선),259556,30395,281084,28544,289951,309628
202010,5호선,공덕(5호선),296198,36339,320119,34252,332537,354371
202011,5호선,공덕(5호선),315027,36366,340442,34430,351393,374872
202012,5호선,공덕(5호선),256128,29278,276061,27892,285406,303953
202001,6호선,공덕(6호선),454235,74105,443663,69735,528340,513398
202002,6호선,공덕(6호선),400171,57497,393645,53956,457668,447601
202003,6호선,공덕(6호선),339766,48059,333249,44843,387825,378092
202004,6호선,공덕(6호선),348129,52942,343809,49820,401071,393629
202005,6호선,공덕(6호선),369570,61106,365140,57621,430676,422761
202006,6호선,공덕(6호선),399013,61817,393510,58072,460830,451582
202007,6호선,공덕(6호선),430153,65896,420799,61669,496049,482468
202008,6호선,공덕(6호선),351332,53814,344322,50796,405146,395118
202009,6호선,공덕(6호선),337892,53540,329747,50185,391432,379932
202010,6호선,공덕(6호선),377763,61410,370810,57888,439173,428698
202011,6호선,공덕(6호선),397897,61885,386485,57469,459782,443954
202012,6호선,공덕(6호선),325573,50940,316401,47385,376513,363786
202001,경의선,공덕(경의선),95350,12216,78299,11932,107566,90231
202002,경의선,공덕(경의선),78638,9819,65717,9132,88457,74849
202003,경의선,공덕(경의선),62481,7911,55463,7758,70392,63221
202004,경의선,공덕(경의선),64735,9347,57709,9326,74082,67035
202005,경의선,공덕(경의선),70028,10872,62302,10800,80900,73102
202006,경의선,공덕(경의선),76548,11007,68122,10866,87555,78988
202007,경의선,공덕(경의선),80330,11882,72192,11613,92212,83805
202008,경의선,공덕(경의선),67264,9924,58564,9504,77188,68068
202009,경의선,공덕(경의선),61920,9482,56065,9286,71402,65351
202010,경의선,공덕(경의선),74102,11454,65199,11205,85556,76404
202011,경의선,공덕(경의선),76495,11244,67241,10851,87739,78092
202012,경의선,공덕(경의선),62117,9418,53959,8790,71535,62749
202001,공항철도 1호선,공덕(공항철도),66280,7069,88953,8352,73349,97305
202002,공항철도 1호선,공덕(공항철도),52579,5071,69109,6246,57650,75355
202003,공항철도 1호선,공덕(공항철도),40344,4195,52197,5077,44539,57274
202004,공항철도 1호선,공덕(공항철도),41948,4488,54864,5328,46436,60192
202005,공항철도 1호선,공덕(공항철도),44685,5370,59986,6401,50055,66387
202006,공항철도 1호선,공덕(공항철도),48243,5408,64372,6295,53651,70667
202007,공항철도 1호선,공덕(공항철도),52553,5815,69620,6786,58368,76406
202008,공항철도 1호선,공덕(공항철도),45003,4972,57928,5909,49975,63837
202009,공항철도 1호선,공덕(공항철도),41456,4736,52138,5393,46192,57531
202010,공항철도 1호선,공덕(공항철도),47972,5591,63632,6526,53563,70158
202011,공항철도 1호선,공덕(공항철도),49398,5870,65770,6924,55268,72694
202012,공항철도 1호선,공덕(공항철도),39947,4871,52370,5820,44818,58190
202001,7호선,공릉(서울과학기술대),286930,67179,284799,67481,354109,352280
202002,7호선,공릉(서울과학기술대),248978,52034,248218,52347,301012,300565
202003,7호선,공릉(서울과학기술대),212987,43516,215496,43956,256503,259452
202004,7호선,공릉(서울과학기술대),222054,49326,221971,49619,271380,271590
202005,7호선,공릉(서울과학기술대),241504,57854,242299,58295,299358,300594
202006,7호선,공릉(서울과학기술대),257556,56741,256498,57617,314297,314115
202007,7호선,공릉(서울과학기술대),269043,59369,267217,60092,328412,327309
202008,7호선,공릉(서울과학기술대),224704,51085,223186,51556,275789,274742
202009,7호선,공릉(서울과학기술대),211217,49981,209030,50194,261198,259224
202010,7호선,공릉(서울과학기술대),253299,57424,251171,57958,310723,309129
202011,7호선,공릉(서울과학기술대),254218,56201,251400,56768,310419,308168
202012,7호선,공릉(서울과학기술대),207299,46814,205995,47295,254113,253290
202001,9호선,공항시장,62411,22732,69660,24949,85143,94609
202002,9호선,공항시장,55048,17712,61406,19303,72760,80709
202003,9호선,공항시장,48547,15738,54353,17398,64285,71751
202004,9호선,공항시장,48981,17693,53836,19416,66674,73252
202005,9호선,공항시장,52837,20191,57604,21975,73028,79579
202006,9호선,공항시장,54190,19226,58654,20698,73416,79352
202007,9호선,공항시장,58263,20542,62421,22191,78805,84612
202008,9호선,공항시장,51166,18232,55547,19866,69398,75413
202009,9호선,공항시장,47161,17590,51442,19183,64751,70625
202010,9호선,공항시장,52790,19807,56649,21364,72597,78013
202011,9호선,공항시장,53651,19420,58919,21070,73071,79989
202012,9호선,공항시장,46627,16934,51561,18497,63561,70058
202001,공항철도 1호선,공항화물청사,62251,8024,69769,7666,70275,77435
202002,공항철도 1호선,공항화물청사,53023,7523,59460,7214,60546,66674
202003,공항철도 1호선,공항화물청사,51047,7563,57759,7380,58610,65139
202004,공항철도 1호선,공항화물청사,48406,7266,54157,7177,55672,61334
202005,공항철도 1호선,공항화물청사,49075,7599,54760,7597,56674,62357
202006,공항철도 1호선,공항화물청사,52218,7919,57299,7912,60137,65211
202007,공항철도 1호선,공항화물청사,53646,8109,59251,8110,61755,67361
202008,공항철도 1호선,공항화물청사,47293,7296,52394,7259,54589,59653
202009,공항철도 1호선,공항화물청사,47287,7398,52689,7494,54685,60183
202010,공항철도 1호선,공항화물청사,48096,7592,52949,7584,55688,60533
202011,공항철도 1호선,공항화물청사,49292,7449,54321,7305,56741,61626
202012,공항철도 1호선,공항화물청사,48385,7244,53264,7123,55629,60387
202001,과천선,과천,115062,34372,101790,32890,149434,134680
202002,과천선,과천,96718,24458,87999,23683,121176,111682
202003,과천선,과천,78390,18018,71367,17279,96408,88646
202004,과천선,과천,86982,21804,76831,20751,108786,97582
202005,과천선,과천,96709,26912,85827,25788,123621,111615
202006,과천선,과천,104281,27888,92177,26726,132169,118903
202007,과천선,과천,111073,29550,97596,28121,140623,125717
202008,과천선,과천,89850,24533,79558,23525,114383,103083
202009,과천선,과천,87920,24474,76911,23367,112394,100278
202010,과천선,과천,101821,29253,88289,27681,131074,115970
202011,과천선,과천,102308,28948,90725,27898,131256,118623
202012,과천선,과천,84551,24568,77254,23541,109119,100795
202001,경부선,관악,177214,55283,160357,53101,232497,213458
202002,경부선,관악,147606,37839,134245,36640,185445,170885
202003,경부선,관악,129096,30873,116429,29389,159969,145818
202004,경부선,관악,138687,36714,125521,34856,175401,160377
202005,경부선,관악,150156,43968,137510,41916,194124,179426
202006,경부선,관악,156038,41482,143382,39282,197520,182664
202007,경부선,관악,165945,44260,151568,41895,210205,193463
202008,경부선,관악,134108,36349,123957,35024,170457,158981
202009,경부선,관악,132547,37661,121637,35699,170208,157336
202010,경부선,관악,153331,45052,137619,42235,198383,179854
202011,경부선,관악,155162,42723,141272,40281,197885,181553
202012,경부선,관악,127991,34925,117543,33346,162916,150889
202001,5호선,광나루(장신대),334137,64867,296559,63263,399004,359822
202002,5호선,광나루(장신대),287695,50291,255124,49107,337986,304231
202003,5호선,광나루(장신대),237410,42318,213386,41764,279728,255150
202004,5호선,광나루(장신대),252894,48399,226454,47772,301293,274226
202005,5호선,광나루(장신대),277825,55799,250425,54244,333624,304669
202006,5호선,광나루(장신대),292419,56114,262989,54504,348533,317493
202007,5호선,광나루(장신대),304295,58523,272652,55861,362818,328513
202008,5호선,광나루(장신대),246204,46505,220675,43849,292709,264524
202009,5호선,광나루(장신대),240052,48919,217627,47102,288971,264729
202010,5호선,광나루(장신대),281762,58770,255791,56905,340532,312696
202011,5호선,광나루(장신대),286485,55862,259424,53898,342347,313322
202012,5호선,광나루(장신대),231568,46499,211336,45273,278067,256609
202001,경부선,광명,89109,7406,66308,6044,96515,72352
202002,경부선,광명,68792,5637,54989,4728,74429,59717
202003,경부선,광명,51346,4726,43892,4277,56072,48169
202004,경부선,광명,58913,5457,49136,4991,64370,54127
202005,경부선,광명,71660,6693,56604,5893,78353,62497
202006,경부선,광명,73341,6394,59715,5915,79735,65630
202007,경부선,광명,80904,6576,67222,6124,87480,73346
202008,경부선,광명,69938,5739,57889,5295,75677,63184
202009,경부선,광명,60936,5722,53631,5430,66658,59061
202010,경부선,광명,75432,6753,62062,6310,82185,68372
202011,경부선,광명,77748,6513,63556,6133,84261,69689
202012,경부선,광명,59395,5190,52343,5011,64585,57354
202001,7호선,광명사거리,583893,151431,566845,154454,735324,721299
202002,7호선,광명사거리,493326,112339,478501,114720,605665,593221
202003,7호선,광명사거리,432573,93708,422244,95626,526281,517870
202004,7호선,광명사거리,449882,107962,436850,110255,557844,547105
202005,7호선,광명사거리,483112,125708,469961,128495,608820,598456
202006,7호선,광명사거리,496276,119383,480509,122622,615659,603131
202007,7호선,광명사거리,521638,128934,504248,132384,650572,636632
202008,7호선,광명사거리,441953,114080,430575,117331,556033,547906
202009,7호선,광명사거리,429769,116589,421290,120961,546358,542251
202010,7호선,광명사거리,470411,124133,459794,127446,594544,587240
202011,7호선,광명사거리,475704,123806,463255,127230,599510,590485
202012,7호선,광명사거리,410318,105897,406298,109368,516215,515666
202001,경원선,광운대,194250,53118,181895,52673,247368,234568
202002,경원선,광운대,165561,40732,153225,40415,206293,193640
202003,경원선,광운대,143656,35081,131920,34462,178737,166382
202004,경원선,광운대,145494,38761,138393,38469,184255,176862
202005,경원선,광운대,166425,45490,156433,44694,211915,201127
202006,경원선,광운대,179807,44680,170968,43873,224487,214841
202007,경원선,광운대,178878,46903,167702,46147,225781,213849
202008,경원선,광운대,143732,40000,139062,39723,183732,178785
202009,경원선,광운대,142114,41248,133418,40055,183362,173473
202010,경원선,광운대,173762,45382,166730,44195,219144,210925
202011,경원선,광운대,181390,44431,174134,43356,225821,217490
202012,경원선,광운대,146406,37540,139228,36915,183946,176143
202001,5호선,광화문(세종문화회관),893338,118796,940943,115799,1012134,1056742
202002,5호선,광화문(세종문화회관),740431,73352,783122,69812,813783,852934
202003,5호선,광화문(세종문화회관),575106,42289,604156,40250,617395,644406
202004,5호선,광화문(세종문화회관),603036,47125,638293,44732,650161,683025
202005,5호선,광화문(세종문화회관),661603,55172,697401,53443,716775,750844
202006,5호선,광화문(세종문화회관),728681,57917,777128,55809,786598,832937
202007,5호선,광화문(세종문화회관),789567,70715,839141,69403,860282,908544
202008,5호선,광화문(세종문화회관),617778,66624,657843,64475,684402,722318
202009,5호선,광화문(세종문화회관),545517,46478,571217,44278,591995,615495
202010,5호선,광화문(세종문화회관),654622,56536,690214,54740,711158,744954
202011,5호선,광화문(세종문화회관),706524,59487,742886,57488,766011,800374
202012,5호선,광화문(세종문화회관),553653,48244,570437,45779,601897,616216
202001,6호선,광흥창(서강),216530,52686,209730,52300,269216,262030
202002,6호선,광흥창(서강),189863,36151,183848,35754,226014,219602
202003,6호선,광흥창(서강),157929,26322,152338,26042,184251,178380
202004,6호선,광흥창(서강),163209,29972,156882,29359,193181,186241
202005,6호선,광흥창(서강),176633,36910,169390,36445,213543,205835
202006,6호선,광흥창(서강),189831,36965,182492,36191,226796,218683
202007,6호선,광흥창(서강),200795,38802,191746,38126,239597,229872
202008,6호선,광흥창(서강),168360,33245,160803,32396,201605,193199
202009,6호선,광흥창(서강),157896,31051,150594,30578,188947,181172
202010,6호선,광흥창(서강),176409,37395,168038,36750,213804,204788
202011,6호선,광흥창(서강),184009,39100,177057,38395,223109,215452
202012,6호선,광흥창(서강),152219,29691,147672,29306,181910,176978
202001,2호선,교대(법원.검찰청) 2호선,849695,157288,966026,178227,1006983,1144253
202002,2호선,교대(법원.검찰청) 2호선,738424,116865,831050,130142,855289,961192
202003,2호선,교대(법원.검찰청) 2호선,624565,95052,695899,105731,719617,801630
202004,2호선,교대(법원.검찰청) 2호선,642711,100251,721182,111532,742962,832714
202005,2호선,교대(법원.검찰청) 2호선,695963,124759,788287,139625,820722,927912
202006,2호선,교대(법원.검찰청) 2호선,753977,131580,853245,146756,885557,1000001
202007,2호선,교대(법원.검찰청) 2호선,807591,138178,915034,154787,945769,1069821
202008,2호선,교대(법원.검찰청) 2호선,657771,109780,740294,122035,767551,862329
202009,2호선,교대(법원.검찰청) 2호선,603592,103397,681203,113899,706989,795102
202010,2호선,교대(법원.검찰청) 2호선,681434,121843,774106,136410,803277,910516
202011,2호선,교대(법원.검찰청) 2호선,723089,128237,816436,142660,851326,959096
202012,2호선,교대(법원.검찰청) 2호선,583124,99995,648211,109139,683119,757350
202001,3호선,교대(법원.검찰청) 2호선,343522,69504,222518,41403,413026,263921
202002,3호선,교대(법원.검찰청) 2호선,293763,49930,193901,30790,343693,224691
202003,3호선,교대(법원.검찰청) 2호선,245592,42362,167495,25774,287954,193269
202004,3호선,교대(법원.검찰청) 2호선,257763,43856,175348,27122,301619,202470
202005,3호선,교대(법원.검찰청) 2호선,280464,53711,185875,32325,334175,218200
202006,3호선,교대(법원.검찰청) 2호선,305740,56609,205334,34638,362349,239972
202007,3호선,교대(법원.검찰청) 2호선,330589,60398,222522,36747,390987,259269
202008,3호선,교대(법원.검찰청) 2호선,262746,47009,175281,29272,309755,204553
202009,3호선,교대(법원.검찰청) 2호선,243449,44334,161341,27546,287783,188887
202010,3호선,교대(법원.검찰청) 2호선,280562,53583,186935,32941,334145,219876
202011,3호선,교대(법원.검찰청) 2호선,298492,55695,198682,34413,354187,233095
202012,3호선,교대(법원.검찰청) 2호선,234452,42308,157822,27079,276760,184901
202001,경부선,구로,454568,90597,468353,87394,545165,555747
202002,경부선,구로,376593,69006,387979,66730,445599,454709
202003,경부선,구로,315258,55389,320045,53426,370647,373471
202004,경부선,구로,336168,64022,348306,62373,400190,410679
202005,경부선,구로,371207,75426,379609,72648,446633,452257
202006,경부선,구로,393210,73396,403579,70979,466606,474558
202007,경부선,구로,417533,77755,430060,74925,495288,504985
202008,경부선,구로,354299,66075,364823,63752,420374,428575
202009,경부선,구로,373629,71853,383799,69703,445482,453502
202010,경부선,구로,415003,79994,432966,77717,494997,510683
202011,경부선,구로,423925,79626,440430,77540,503551,517970
202012,경부선,구로,357653,67459,365565,65147,425112,430712
202001,2호선,구로디지털단지,1639496,177531,1638407,179862,1817027,1818269
202002,2호선,구로디지털단지,1436819,138505,1440557,140571,1575324,1581128
202003,2호선,구로디지털단지,1220915,109470,1223085,110917,1330385,1334002
202004,2호선,구로디지털단지,1265934,117762,1261170,119152,1383696,1380322
202005,2호선,구로디지털단지,1342972,135028,1339280,135833,1478000,1475113
202006,2호선,구로디지털단지,1430337,134273,1426084,135380,1564610,1561464
202007,2호선,구로디지털단지,1528559,142769,1520866,144492,1671328,1665358
202008,2호선,구로디지털단지,1285578,125454,1285885,126835,1411032,1412720
202009,2호선,구로디지털단지,1216483,116839,1212858,118547,1333322,1331405
202010,2호선,구로디지털단지,1366317,138370,1363215,139983,1504687,1503198
202011,2호선,구로디지털단지,1418737,137282,1418268,139421,1556019,1557689
202012,2호선,구로디지털단지,1179770,113736,1188175,116472,1293506,1304647
202001,분당선,구룡,28915,12548,28275,12488,41463,40763
202002,분당선,구룡,26882,9564,26210,9458,36446,35668
202003,분당선,구룡,18803,7711,18962,7796,26514,26758
202004,분당선,구룡,20888,8581,20738,8623,29469,29361
202005,분당선,구룡,24311,10174,23954,9989,34485,33943
202006,분당선,구룡,32613,10291,31527,9986,42904,41513
202007,분당선,구룡,34768,11300,33535,10832,46068,44367
202008,분당선,구룡,27584,9258,26849,9054,36842,35903
202009,분당선,구룡,27977,9058,27249,9011,37035,36260
202010,분당선,구룡,34716,11526,33664,11455,46242,45119
202011,분당선,구룡,37186,11813,36333,11841,48999,48174
202012,분당선,구룡,26067,9193,25189,9299,35260,34488
202001,중앙선,구리,319613,83155,328109,83657,402768,411766
202002,중앙선,구리,262407,59624,269643,61110,322031,330753
202003,중앙선,구리,242939,53485,248512,54340,296424,302852
202004,중앙선,구리,253449,62381,259524,62672,315830,322196
202005,중앙선,구리,274459,71782,281568,72578,346241,354146
202006,중앙선,구리,288392,69220,291853,70211,357612,362064
202007,중앙선,구리,308572,73685,310763,74778,382257,385541
202008,중앙선,구리,255505,59785,258797,61074,315290,319871
202009,중앙선,구리,242857,60577,246918,61012,303434,307930
202010,중앙선,구리,286263,72777,289560,73014,359040,362574
202011,중앙선,구리,285850,68660,289256,68760,354510,358016
202012,중앙선,구리,232951,56618,238234,57343,289569,295577
202001,9호선,구반포,64929,22789,68817,23213,87718,92030
202002,9호선,구반포,54773,16821,58243,17019,71594,75262
202003,9호선,구반포,40112,11755,42878,11709,51867,54587
202004,9호선,구반포,44381,13549,47477,13581,57930,61058
202005,9호선,구반포,51280,16883,55350,17132,68163,72482
202006,9호선,구반포,53466,17743,57113,17786,71209,74899
202007,9호선,구반포,57982,18482,61576,18797,76464,80373
202008,9호선,구반포,50961,15647,52492,15993,66608,68485
202009,9호선,구반포,43219,14357,44918,14547,57576,59465
202010,9호선,구반포,51765,17276,54140,17629,69041,71769
202011,9호선,구반포,53630,18088,56273,18417,71718,74690
202012,9호선,구반포,41900,14114,43891,14364,56014,58255
202001,6호선,구산,170635,51373,116695,52258,222008,168953
202002,6호선,구산,149434,39612,102263,40208,189046,142471
202003,6호선,구산,131623,32040,86407,31931,163663,118338
202004,6호선,구산,135592,36555,88621,36249,172147,124870
202005,6호선,구산,143845,41050,94669,42484,184895,137153
202006,6호선,구산,152848,38638,102115,42202,191486,144317
202007,6호선,구산,162539,40096,109959,45080,202635,155039
202008,6호선,구산,135314,33829,93538,38421,169143,131959
202009,6호선,구산,128435,33082,86898,37189,161517,124087
202010,6호선,구산,147669,38119,99384,43059,185788,142443
202011,6호선,구산,149496,36982,101947,42006,186478,143953
202012,6호선,구산,127195,33061,89273,36038,160256,125311
202001,분당선,구성,109437,36323,109129,36860,145760,145989
202002,분당선,구성,91976,23945,92363,24604,115921,116967
202003,분당선,구성,72724,16826,75046,17389,89550,92435
202004,분당선,구성,80476,21448,82426,21922,101924,104348
202005,분당선,구성,90639,27425,93114,27767,118064,120881
202006,분당선,구성,97963,27408,100329,27493,125371,127822
202007,분당선,구성,104742,29503,107167,29428,134245,136595
202008,분당선,구성,82999,23342,86103,23762,106341,109865
202009,분당선,구성,80346,23397,83935,23548,103743,107483
202010,분당선,구성,94923,29861,97779,30067,124784,127846
202011,분당선,구성,96614,28469,100134,29162,125083,129296
202012,분당선,구성,77991,21092,82734,21924,99083,104658
202001,2호선,구의(광진구청),593417,106273,571550,107366,699690,678916
202002,2호선,구의(광진구청),529706,81980,511688,83928,611686,595616
202003,2호선,구의(광진구청),473312,68309,458480,70142,541621,528622
202004,2호선,구의(광진구청),485187,75413,465247,76990,560600,542237
202005,2호선,구의(광진구청),510903,86974,492915,88706,597877,581621
202006,2호선,구의(광진구청),536408,86469,516253,88953,622877,605206
202007,2호선,구의(광진구청),569347,90445,545220,92715,659792,637935
202008,2호선,구의(광진구청),478828,77177,462899,79226,556005,542125
202009,2호선,구의(광진구청),448296,74006,433768,75494,522302,509262
202010,2호선,구의(광진구청),500459,85152,482716,86528,585611,569244
202011,2호선,구의(광진구청),514889,85263,498996,87241,600152,586237
202012,2호선,구의(광진구청),440286,72980,433995,75648,513266,509643
202001,경인선,구일,188562,38048,197224,37825,226610,235049
202002,경인선,구일,123920,28798,124610,28704,152718,153314
202003,경인선,구일,103152,24555,104576,24656,127707,129232
202004,경인선,구일,111405,29224,112787,28828,140629,141615
202005,경인선,구일,124638,33590,126999,33012,158228,160011
202006,경인선,구일,134002,33090,136250,33138,167092,169388
202007,경인선,구일,140641,35225,142889,35298,175866,178187
202008,경인선,구일,118590,30048,122087,30104,148638,152191
202009,경인선,구일,109599,30188,111935,30260,139787,142195
202010,경인선,구일,136994,35991,139602,35804,172985,175406
202011,경인선,구일,161976,35818,175110,36024,197794,211134
202012,경인선,구일,103344,28347,107208,28411,131691,135619
202001,3호선,구파발,523891,116200,490686,109557,640091,600243
202002,3호선,구파발,441130,83855,407708,78992,524985,486700
202003,3호선,구파발,363363,63123,335891,59871,426486,395762
202004,3호선,구파발,399966,80024,376694,76296,479990,452990
202005,3호선,구파발,437421,95103,415647,90601,532524,506248
202006,3호선,구파발,464592,95849,439290,91149,560441,530439
202007,3호선,구파발,494637,102106,468886,97804,596743,566690
202008,3호선,구파발,402336,83240,383057,79728,485576,462785
202009,3호선,구파발,382568,83550,365068,79716,466118,444784
202010,3호선,구파발,449065,99679,430114,95804,548744,525918
202011,3호선,구파발,444767,95441,422572,90369,540208,512941
202012,3호선,구파발,365087,76750,347668,72998,441837,420666
202001,중앙선,국수,13039,8413,12986,8492,21452,21478
202002,중앙선,국수,9623,5643,9818,5825,15266,15643
202003,중앙선,국수,8913,5793,8950,6001,14706,14951
202004,중앙선,국수,10861,8089,10729,8291,18950,19020
202005,중앙선,국수,12558,8919,11978,9054,21477,21032
202006,중앙선,국수,12910,8035,12265,8181,20945,20446
202007,중앙선,국수,13825,8584,12944,8598,22409,21542
202008,중앙선,국수,9874,6338,9591,6406,16212,15997
202009,중앙선,국수,10579,6980,10201,7139,17559,17340
202010,중앙선,국수,13640,8957,12882,9050,22597,21932
202011,중앙선,국수,12222,7641,11853,7697,19863,19550
202012,중앙선,국수,8275,5560,8341,5684,13835,14025
202001,9호선,국회의사당,390579,50129,391552,43725,440708,435277
202002,9호선,국회의사당,343820,41218,348466,35250,385038,383716
202003,9호선,국회의사당,283233,27567,288152,23196,310800,311348
202004,9호선,국회의사당,286627,28952,291856,24861,315579,316717
202005,9호선,국회의사당,311638,38453,315988,33344,350091,349332
202006,9호선,국회의사당,357841,40126,365156,35199,397967,400355
202007,9호선,국회의사당,376205,43446,384456,37902,419651,422358
202008,9호선,국회의사당,315995,34598,324261,29956,350593,354217
202009,9호선,국회의사당,286370,28592,293634,24834,314962,318468
202010,9호선,국회의사당,313161,36047,324989,31634,349208,356623
202011,9호선,국회의사당,347830,40701,355284,35487,388531,390771
202012,9호선,국회의사당,285926,31921,288121,27010,317847,315131
202001,5호선,군자(능동) 5호선,282952,38292,312575,40933,321244,353508
202002,5호선,군자(능동) 5호선,250667,30387,275913,31834,281054,307747
202003,5호선,군자(능동) 5호선,221591,25763,241647,26519,247354,268166
202004,5호선,군자(능동) 5호선,229004,28764,252061,29724,257768,281785
202005,5호선,군자(능동) 5호선,243935,32751,272788,33922,276686,306710
202006,5호선,군자(능동) 5호선,252695,31941,281547,32967,284636,314514
202007,5호선,군자(능동) 5호선,266398,34411,295683,35605,300809,331288
202008,5호선,군자(능동) 5호선,226620,28539,248395,29375,255159,277770
202009,5호선,군자(능동) 5호선,219606,28207,237743,28170,247813,265913
202010,5호선,군자(능동) 5호선,246494,33197,271901,34234,279691,306135
202011,5호선,군자(능동) 5호선,250181,32617,275642,33584,282798,309226
202012,5호선,군자(능동) 5호선,213837,27548,231463,28196,241385,259659
202001,7호선,군자(능동) 7호선,355984,74951,270898,64464,430935,335362
202002,7호선,군자(능동) 7호선,314065,57605,240302,51096,371670,291398
202003,7호선,군자(능동) 7호선,281088,46247,216254,41179,327335,257433
202004,7호선,군자(능동) 7호선,289752,53425,221144,46731,343177,267875
202005,7호선,군자(능동) 7호선,305984,62154,234928,53732,368138,288660
202006,7호선,군자(능동) 7호선,319848,60080,245836,52515,379928,298351
202007,7호선,군자(능동) 7호선,338001,64199,259765,56366,402200,316131
202008,7호선,군자(능동) 7호선,286941,54362,221895,47697,341303,269592
202009,7호선,군자(능동) 7호선,273429,51904,211512,46593,325333,258105
202010,7호선,군자(능동) 7호선,305704,60668,234188,53158,366372,287346
202011,7호선,군자(능동) 7호선,314398,59846,242266,52420,374244,294686
202012,7호선,군자(능동) 7호선,273497,49582,215321,43998,323079,259319
202001,경부선,군포,171586,35468,165138,34156,207054,199294
202002,경부선,군포,149318,27243,147088,26321,176561,173409
202003,경부선,군포,137058,24377,136806,23861,161435,160667
202004,경부선,군포,142653,27343,140495,26672,169996,167167
202005,경부선,군포,149111,30858,146071,29935,179969,176006
202006,경부선,군포,156922,29565,153823,28774,186487,182597
202007,경부선,군포,164931,30975,160865,30160,195906,191025
202008,경부선,군포,140407,27478,137421,26860,167885,164281
202009,경부선,군포,146644,27941,144854,27189,174585,172043
202010,경부선,군포,159799,30780,156741,29909,190579,186650
202011,경부선,군포,160350,30469,158623,29806,190819,188429
202012,경부선,군포,146117,27501,147371,26945,173618,174316
202001,경춘선,굴봉산,2697,1500,3037,1582,4197,4619
202002,경춘선,굴봉산,1810,1241,2065,1307,3051,3372
202003,경춘선,굴봉산,1249,1662,1432,1749,2911,3181
202004,경춘선,굴봉산,2337,3408,2581,3482,5745,6063
202005,경춘선,굴봉산,2836,3358,2803,3391,6194,6194
202006,경춘선,굴봉산,2318,2814,2324,2933,5132,5257
202007,경춘선,굴봉산,2980,2279,2525,2444,5259,4969
202008,경춘선,굴봉산,2335,1871,1883,1889,4206,3772
202009,경춘선,굴봉산,1880,2130,1892,2158,4010,4050
202010,경춘선,굴봉산,2725,2758,2710,2805,5483,5515
202011,경춘선,굴봉산,1750,1728,1586,1782,3478,3368
202012,경춘선,굴봉산,1091,1103,1161,1205,2194,2366
202001,7호선,굴포천,231356,35288,243386,36326,266644,279712
202002,7호선,굴포천,196563,25539,208507,26248,222102,234755
202003,7호선,굴포천,173248,20225,183054,21327,193473,204381
202004,7호선,굴포천,179948,23070,187548,24091,203018,211639
202005,7호선,굴포천,188158,27296,196085,28060,215454,224145
202006,7호선,굴포천,191544,26258,199143,27270,217802,226413
202007,7호선,굴포천,208392,29130,216480,29881,237522,246361
202008,7호선,굴포천,177868,25861,186655,26425,203729,213080
202009,7호선,굴포천,169377,24543,177566,24955,193920,202521
202010,7호선,굴포천,192497,28119,199871,28531,220616,228402
202011,7호선,굴포천,196414,27422,205685,28084,223836,233769
202012,7호선,굴포천,165159,24370,176206,24867,189529,201073
202001,5호선,굽은다리(강동구민회관앞),212272,64347,202125,60168,276619,262293
202002,5호선,굽은다리(강동구민회관앞),180936,49648,171817,46562,230584,218379
202003,5호선,굽은다리(강동구민회관앞),154367,38055,145200,35690,192422,180890
202004,5호선,굽은다리(강동구민회관앞),160669,43010,150261,40201,203679,190462
202005,5호선,굽은다리(강동구민회관앞),175447,51410,163956,47676,226857,211632
202006,5호선,굽은다리(강동구민회관앞),186087,51276,174529,48141,237363,222670
202007,5호선,굽은다리(강동구민회관앞),197351,55531,185433,51731,252882,237164
202008,5호선,굽은다리(강동구민회관앞),170215,48900,162166,45952,219115,208118
202009,5호선,굽은다리(강동구민회관앞),160724,46183,151955,42948,206907,194903
202010,5호선,굽은다리(강동구민회관앞),182922,54518,171253,50878,237440,222131
202011,5호선,굽은다리(강동구민회관앞),188892,54490,178680,50867,243382,229547
202012,5호선,굽은다리(강동구민회관앞),160311,45449,154159,42768,205760,196927
202001,경춘선,금곡,29424,14608,27310,14075,44032,41385
202002,경춘선,금곡,25096,11261,23591,11003,36357,34594
202003,경춘선,금곡,23229,10201,21524,10048,33430,31572
202004,경춘선,금곡,23263,11471,21780,11173,34734,32953
202005,경춘선,금곡,25166,13339,23641,12944,38505,36585
202006,경춘선,금곡,26201,12859,24372,12529,39060,36901
202007,경춘선,금곡,27576,13582,25920,13150,41158,39070
202008,경춘선,금곡,23232,11391,21494,10895,34623,32389
202009,경춘선,금곡,23246,12068,21942,11655,35314,33597
202010,경춘선,금곡,26338,13656,24964,13330,39994,38294
202011,경춘선,금곡,26232,12644,24708,12204,38876,36912
202012,경춘선,금곡,22253,10662,20927,10113,32915,31040
202001,경의선,금릉,109044,24325,106487,23714,133369,130201
202002,경의선,금릉,89846,18360,88528,18004,108206,106532
202003,경의선,금릉,77057,16298,75681,16216,93355,91897
202004,경의선,금릉,83295,18009,81373,17851,101304,99224
202005,경의선,금릉,92708,21818,91698,21644,114526,113342
202006,경의선,금릉,97239,21481,95930,21339,118720,117269
202007,경의선,금릉,103451,22564,101590,22409,126015,123999
202008,경의선,금릉,79601,17640,78273,17487,97241,95760
202009,경의선,금릉,76157,18231,75324,18094,94388,93418
202010,경의선,금릉,95350,21481,93234,21151,116831,114385
202011,경의선,금릉,94331,20424,91714,20059,114755,111773
202012,경의선,금릉,76237,16918,74311,16819,93155,91130
202001,경부선,금정,663486,105616,682198,108139,769102,790337
202002,경부선,금정,559998,78757,573549,80228,638755,653777
202003,경부선,금정,488743,66421,502488,67817,555164,570305
202004,경부선,금정,517555,77304,530987,78710,594859,609697
202005,경부선,금정,557445,91643,570679,93195,649088,663874
202006,경부선,금정,581364,87367,594067,88817,668731,682884
202007,경부선,금정,614038,91581,625820,92780,705619,718600
202008,경부선,금정,513269,77986,524506,79681,591255,604187
202009,경부선,금정,501207,78221,513786,80510,579428,594296
202010,경부선,금정,568089,92530,576765,94620,660619,671385
202011,경부선,금정,581742,90338,594541,92219,672080,686760
202012,경부선,금정,494695,74999,508780,76876,569694,585656
202001,경부선,금천구청,271882,78206,259674,78668,350088,338342
202002,경부선,금천구청,227199,58671,218880,60094,285870,278974
202003,경부선,금천구청,198121,47510,192474,48718,245631,241192
202004,경부선,금천구청,208458,55329,202946,56718,263787,259664
202005,경부선,금천구청,226749,64799,222668,65632,291548,288300
202006,경부선,금천구청,238207,62068,233585,63525,300275,297110
202007,경부선,금천구청,251645,65842,243545,66663,317487,310208
202008,경부선,금천구청,208197,54906,204259,56403,263103,260662
202009,경부선,금천구청,206598,56200,203322,56701,262798,260023
202010,경부선,금천구청,237781,66451,231532,66965,304232,298497
202011,경부선,금천구청,243825,64891,238499,65891,308716,304390
202012,경부선,금천구청,203795,52017,202522,53603,255812,256125
202001,경의선,금촌,160622,44171,157458,45073,204793,202531
202002,경의선,금촌,127930,32562,125294,33201,160492,158495
202003,경의선,금촌,106815,27633,104557,28094,134448,132651
202004,경의선,금촌,114157,31499,111001,32080,145656,143081
202005,경의선,금촌,132115,39654,128742,40552,171769,169294
202006,경의선,금촌,136452,37823,134200,38519,174275,172719
202007,경의선,금촌,144234,38543,140728,39241,182777,179969
202008,경의선,금촌,116219,31078,114531,31436,147297,145967
202009,경의선,금촌,111274,31723,110110,32476,142997,142586
202010,경의선,금촌,135756,37647,132811,38289,173403,171100
202011,경의선,금촌,131168,36379,129640,37435,167547,167075
202012,경의선,금촌,106327,29133,106815,29674,135460,136489
202001,3호선,금호,195388,53861,178119,52592,249249,230711
202002,3호선,금호,168555,41385,154116,41029,209940,195145
202003,3호선,금호,141713,34741,131806,34317,176454,166123
202004,3호선,금호,151083,38392,138346,37865,189475,176211
202005,3호선,금호,165615,44623,150634,43988,210238,194622
202006,3호선,금호,174813,42790,157780,42541,217603,200321
202007,3호선,금호,186053,46684,167340,46100,232737,213440
202008,3호선,금호,154755,40498,140480,39719,195253,180199
202009,3호선,금호,145306,40224,132872,39290,185530,172162
202010,3호선,금호,166015,46320,149820,45239,212335,195059
202011,3호선,금호,169952,44585,155271,43604,214537,198875
202012,3호선,금호,138766,36662,131700,36620,175428,168320
202001,분당선,기흥,250616,42081,236393,41652,292697,278045
202002,분당선,기흥,207705,28596,196909,28271,236301,225180
202003,분당선,기흥,164120,21048,155717,20810,185168,176527
202004,분당선,기흥,178779,25766,168722,25425,204545,194147
202005,분당선,기흥,199639,32198,187219,32064,231837,219283
202006,분당선,기흥,212422,33356,199259,32946,245778,232205
202007,분당선,기흥,226946,34241,210975,34131,261187,245106
202008,분당선,기흥,183306,28061,173909,28197,211367,202106
202009,분당선,기흥,173179,27813,164740,27660,200992,192400
202010,분당선,기흥,208378,33609,195261,33543,241987,228804
202011,분당선,기흥,211576,32860,201334,32564,244436,233898
202012,분당선,기흥,169152,26134,164042,25665,195286,189707
202001,5호선,길동,156066,64229,166510,67112,220295,233622
202002,5호선,길동,135746,49846,145544,51977,185592,197521
202003,5호선,길동,120242,38756,127325,40631,158998,167956
202004,5호선,길동,126107,43572,131998,45478,169679,177476
202005,5호선,길동,140656,52693,145662,54339,193349,200001
202006,5호선,길동,144792,51965,150639,53590,196757,204229
202007,5호선,길동,151804,55365,158466,57268,207169,215734
202008,5호선,길동,133557,48005,138977,49751,181562,188728
202009,5호선,길동,124789,46959,130304,48751,171748,179055
202010,5호선,길동,140816,53023,146160,54532,193839,200692
202011,5호선,길동,147102,54049,153349,56187,201151,209536
202012,5호선,길동,126365,46167,133535,47695,172532,181230
202001,4호선,길음,510370,116454,478126,116390,626824,594516
202002,4호선,길음,428807,85965,404540,86834,514772,491374
202003,4호선,길음,363113,70296,341811,71205,433409,413016
202004,4호선,길음,377622,80663,351291,81070,458285,432361
202005,4호선,길음,414454,94386,389932,94405,508840,484337
202006,4호선,길음,450230,91275,428481,91510,541505,519991
202007,4호선,길음,469022,96642,440734,96496,565664,537230
202008,4호선,길음,379967,80957,357080,81069,460924,438149
202009,4호선,길음,366223,80532,350871,80807,446755,431678
202010,4호선,길음,425482,94379,404716,94068,519861,498784
202011,4호선,길음,436137,93180,419167,92785,529317,511952
202012,4호선,길음,354485,76927,346156,77527,431412,423683
202001,경춘선,김유정,7370,2792,8095,2799,10162,10894
202002,경춘선,김유정,5550,1924,5906,1910,7474,7816
202003,경춘선,김유정,3959,1978,4249,1992,5937,6241
202004,경춘선,김유정,5346,3113,6089,3090,8459,9179
202005,경춘선,김유정,6763,3681,7749,3817,10444,11566
202006,경춘선,김유정,5714,3353,6262,3434,9067,9696
202007,경춘선,김유정,6448,3353,7268,3566,9801,10834
202008,경춘선,김유정,4934,2399,5272,2407,7333,7679
202009,경춘선,김유정,4811,2660,5677,2920,7471,8597
202010,경춘선,김유정,8330,4541,9592,4890,12871,14482
202011,경춘선,김유정,5505,2923,6359,3211,8428,9570
202012,경춘선,김유정,3249,1988,3396,2041,5237,5437
202001,5호선,김포공항(5호선),220348,33263,204665,36557,253611,241222
202002,5호선,김포공항(5호선),154524,20893,140221,23058,175417,163279
202003,5호선,김포공항(5호선),111760,16955,102382,18166,128715,120548
202004,5호선,김포공항(5호선),114679,19237,108176,21163,133916,129339
202005,5호선,김포공항(5호선),141380,23149,131502,25406,164529,156908
202006,5호선,김포공항(5호선),151117,23828,143352,26158,174945,169510
202007,5호선,김포공항(5호선),167573,25386,161032,27805,192959,188837
202008,5호선,김포공항(5호선),163300,23980,157051,25792,187280,182843
202009,5호선,김포공항(5호선),129129,20834,129013,22599,149963,151612
202010,5호선,김포공항(5호선),172287,24625,165667,27203,196912,192870
202011,5호선,김포공항(5호선),170603,24880,166461,26803,195483,193264
202012,5호선,김포공항(5호선),134681,21550,132965,22683,156231,155648
202001,9호선,김포공항(9호선),254587,20702,348158,23474,275289,371632
202002,9호선,김포공항(9호선),175816,12527,232951,13675,188343,246626
202003,9호선,김포공항(9호선),130283,9723,161418,10359,140006,171777
202004,9호선,김포공항(9호선),133195,11056,175061,12466,144251,187527
202005,9호선,김포공항(9호선),170194,14069,219615,15548,184263,235163
202006,9호선,김포공항(9호선),184130,14693,252057,16688,198823,268745
202007,9호선,김포공항(9호선),205862,15313,291319,17391,221175,308710
202008,9호선,김포공항(9호선),195987,14244,279004,16478,210231,295482
202009,9호선,김포공항(9호선),153075,12122,224445,14150,165197,238595
202010,9호선,김포공항(9호선),205854,15548,290498,18547,221402,309045
202011,9호선,김포공항(9호선),206851,16014,305603,19021,222865,324624
202012,9호선,김포공항(9호선),149464,12260,211787,14056,161724,225843
202002,경의선,김포공항(경의선),1,0,0,0,1,0
202003,경의선,김포공항(경의선),1,0,0,0,1,0
202004,경의선,김포공항(경의선),1,0,0,0,1,0
202006,경의선,김포공항(경의선),1,0,0,0,1,0
202007,경의선,김포공항(경의선),1,0,0,0,1,0
202010,경의선,김포공항(경의선),2,0,0,0,2,0
202001,공항철도 1호선,김포공항(공항철도),317364,20925,179608,13527,338289,193135
202002,공항철도 1호선,김포공항(공항철도),221245,12710,136879,8871,233955,145750
202003,공항철도 1호선,김포공항(공항철도),148170,9614,95780,7125,157784,102905
202004,공항철도 1호선,김포공항(공항철도),157227,11613,100741,8021,168840,108762
202005,공항철도 1호선,김포공항(공항철도),208813,15183,122932,10206,223996,133138
202006,공항철도 1호선,김포공항(공항철도),237112,16063,141312,10989,253175,152301
202007,공항철도 1호선,김포공항(공항철도),273522,16645,161561,11322,290167,172883
202008,공항철도 1호선,김포공항(공항철도),270393,15353,156605,10555,285746,167160
202009,공항철도 1호선,김포공항(공항철도),208899,13348,128304,9431,222247,137735
202010,공항철도 1호선,김포공항(공항철도),292066,18664,163850,12544,310730,176394
202011,공항철도 1호선,김포공항(공항철도),301497,19268,169301,12768,320765,182069
202012,공항철도 1호선,김포공항(공항철도),213495,13972,136018,9882,227467,145900
202001,5호선,까치산,719438,155398,677790,156415,874836,834205
202002,5호선,까치산,635529,121382,598561,123064,756911,721625
202003,5호선,까치산,564404,101289,531037,103488,665693,634525
202004,5호선,까치산,579835,115195,540541,116663,695030,657204
202005,5호선,까치산,619162,132046,580605,132831,751208,713436
202006,5호선,까치산,642893,126440,599713,127732,769333,727445
202007,5호선,까치산,677684,134815,628657,135753,812499,764410
202008,5호선,까치산,579587,117671,544769,118698,697258,663467
202009,5호선,까치산,557703,115607,525407,117597,673310,643004
202010,5호선,까치산,621172,130594,581440,131390,751766,712830
202011,5호선,까치산,627576,126693,589798,128185,754269,717983
202012,5호선,까치산,537055,105955,517695,108051,643010,625746
202001,7호선,까치울,183504,24096,172707,24221,207600,196928
202002,7호선,까치울,161497,18745,153377,18681,180242,172058
202003,7호선,까치울,145824,17309,138037,17078,163133,155115
202004,7호선,까치울,154115,20677,145873,20754,174792,166627
202005,7호선,까치울,163838,24484,158245,24887,188322,183132
202006,7호선,까치울,169615,22609,162567,22556,192224,185123
202007,7호선,까치울,185047,24952,175955,25423,209999,201378
202008,7호선,까치울,154919,20287,147299,20655,175206,167954
202009,7호선,까치울,150755,20653,145108,20906,171408,166014
202010,7호선,까치울,172866,26080,163727,26447,198946,190174
202011,7호선,까치울,173525,23576,164892,23765,197101,188657
202012,7호선,까치울,145615,18207,141968,18625,163822,160593
202001,2호선,낙성대,724258,110334,693491,111787,834592,805278
202002,2호선,낙성대,638327,83932,607955,85759,722259,693714
202003,2호선,낙성대(강감찬),547156,64756,521586,66720,611912,588306
202004,2호선,낙성대(강감찬),576448,75428,542225,77118,651876,619343
202005,2호선,낙성대(강감찬),618618,90051,585774,91739,708669,677513
202006,2호선,낙성대(강감찬),652253,85864,616163,87538,738117,703701
202007,2호선,낙성대(강감찬),697411,90983,653786,92488,788394,746274
202008,2호선,낙성대(강감찬),591554,79460,559626,80822,671014,640448
202009,2호선,낙성대(강감찬),555860,77880,523098,78956,633740,602054
202010,2호선,낙성대(강감찬),624856,89549,593016,91050,714405,684066
202011,2호선,낙성대(강감찬),636704,88522,606326,90319,725226,696645
202012,2호선,낙성대(강감찬),523162,74528,504896,76021,597690,580917
202001,7호선,남구로,403060,58651,427654,58934,461711,486588
202002,7호선,남구로,341003,45003,364251,45147,386006,409398
202003,7호선,남구로,308312,37104,326396,37102,345416,363498
202004,7호선,남구로,315576,41357,334766,41268,356933,376034
202005,7호선,남구로,334538,48723,353354,48873,383261,402227
202006,7호선,남구로,352398,47304,374502,47509,399702,422011
202007,7호선,남구로,371122,50822,394190,51326,421944,445516
202008,7호선,남구로,324945,45563,343566,45519,370508,389085
202009,7호선,남구로,323909,44750,345316,44881,368659,390197
202010,7호선,남구로,341541,49661,364466,49683,391202,414149
202011,7호선,남구로,356197,49795,382057,49409,405992,431466
202012,7호선,남구로,321702,43710,343526,43446,365412,386972
202001,수인선,남동인더스파크,48493,5665,52731,5765,54158,58496
202002,수인선,남동인더스파크,47230,5346,51488,5465,52576,56953
202003,수인선,남동인더스파크,43332,5267,48747,5357,48599,54104
202004,수인선,남동인더스파크,42993,5111,47239,5157,48104,52396
202005,수인선,남동인더스파크,42212,5324,46009,5372,47536,51381
202006,수인선,남동인더스파크,46443,5524,50575,5541,51967,56116
202007,수인선,남동인더스파크,49133,5942,53934,5800,55075,59734
202008,수인선,남동인더스파크,42721,5134,46517,5167,47855,51684
202009,수인선,남동인더스파크,44808,5618,49522,5607,50426,55129
202010,수인선,남동인더스파크,47330,5970,52081,5923,53300,58004
202011,수인선,남동인더스파크,50212,6047,55621,6069,56259,61690
202012,수인선,남동인더스파크,45849,5870,51457,5760,51719,57217
202001,3호선,남부터미널(예술의전당),862735,119085,876646,119777,981820,996423
202002,3호선,남부터미널(예술의전당),685896,85973,704020,86399,771869,790419
202003,3호선,남부터미널(예술의전당),531945,65279,547799,65378,597224,613177
202004,3호선,남부터미널(예술의전당),568513,74290,586701,74923,642803,661624
202005,3호선,남부터미널(예술의전당),634391,92565,649839,93362,726956,743201
202006,3호선,남부터미널(예술의전당),664047,93295,684795,93831,757342,778626
202007,3호선,남부터미널(예술의전당),731902,99262,754445,100480,831164,854925
202008,3호선,남부터미널(예술의전당),608618,82834,628887,83066,691452,711953
202009,3호선,남부터미널(예술의전당),538176,78688,564092,79395,616864,643487
202010,3호선,남부터미널(예술의전당),638483,95001,649343,96199,733484,745542
202011,3호선,남부터미널(예술의전당),666894,96291,687998,97155,763185,785153
202012,3호선,남부터미널(예술의전당),526309,75534,546062,75425,601843,621487
202001,7호선,남성,261340,69990,238963,69242,331330,308205
202002,7호선,남성,230640,52486,210955,52413,283126,263368
202003,7호선,남성,203317,40731,186669,40941,244048,227610
202004,7호선,남성,210912,47005,191457,46953,257917,238410
202005,7호선,남성,229207,56432,209404,55446,285639,264850
202006,7호선,남성,242025,54618,218541,54239,296643,272780
202007,7호선,남성,254688,57627,226406,57303,312315,283709
202008,7호선,남성,217325,50737,197023,50450,268062,247473
202009,7호선,남성,209359,48929,190209,48736,258288,238945
202010,7호선,남성,233417,56415,209320,55755,289832,265075
202011,7호선,남성,239339,56656,215700,56116,295995,271816
202012,7호선,남성,203221,46283,188045,46184,249504,234229
202001,경부선,남영,246892,36620,258659,38200,283512,296859
202002,경부선,남영,213447,27856,223641,29049,241303,252690
202003,경부선,남영,177645,23951,186806,25029,201596,211835
202004,경부선,남영,190239,26697,197689,28194,216936,225883
202005,경부선,남영,207319,30136,217045,31931,237455,248976
202006,경부선,남영,230644,30458,241597,32175,261102,273772
202007,경부선,남영,235913,31963,244885,34107,267876,278992
202008,경부선,남영,190498,27349,198082,28712,217847,226794
202009,경부선,남영,183112,27952,191337,29212,211064,220549
202010,경부선,남영,211884,31652,222009,32988,243536,254997
202011,경부선,남영,220044,30818,231855,32010,250862,263865
202012,경부선,남영,174455,25636,182227,26665,200091,208892
202001,경춘선,남춘천,59514,23954,61645,24986,83468,86631
202002,경춘선,남춘천,43424,14540,45246,15095,57964,60341
202003,경춘선,남춘천,33527,11029,35107,11115,44556,46222
202004,경춘선,남춘천,38771,15153,40471,15787,53924,56258
202005,경춘선,남춘천,46807,20014,48527,21034,66821,69561
202006,경춘선,남춘천,45484,18979,47311,19461,64463,66772
202007,경춘선,남춘천,51587,20339,53329,21352,71926,74681
202008,경춘선,남춘천,42926,16372,45194,16907,59298,62101
202009,경춘선,남춘천,38847,15220,40036,15327,54067,55363
202010,경춘선,남춘천,50593,20678,51337,21637,71271,72974
202011,경춘선,남춘천,47179,17128,48164,17816,64307,65980
202012,경춘선,남춘천,36304,12303,37269,12270,48607,49539
202001,4호선,남태령,30961,8003,24566,7683,38964,32249
202002,4호선,남태령,24375,6298,19571,5896,30673,25467
202003,4호선,남태령,16103,5301,12756,5208,21404,17964
202004,4호선,남태령,18498,6268,14649,5959,24766,20608
202005,4호선,남태령,21952,7456,17776,6953,29408,24729
202006,4호선,남태령,22638,7035,18711,6627,29673,25338
202007,4호선,남태령,25621,7352,21147,6914,32973,28061
202008,4호선,남태령,20558,6327,17434,5832,26885,23266
202009,4호선,남태령,19751,6280,16321,5961,26031,22282
202010,4호선,남태령,24047,7331,19204,6799,31378,26003
202011,4호선,남태령,24255,7073,19607,6583,31328,26190
202012,4호선,남태령,17840,5774,15005,5528,23614,20533
202001,8호선,남한산성입구(성남법원.검찰청),313290,75103,276493,72696,388393,349189
202002,8호선,남한산성입구(성남법원.검찰청),275367,58850,242636,57048,334217,299684
202003,8호선,남한산성입구(성남법원.검찰청),237772,49463,210177,48151,287235,258328
202004,8호선,남한산성입구(성남법원.검찰청),247794,56872,217535,54582,304666,272117
202005,8호선,남한산성입구(성남법원.검찰청),273172,65193,241353,62213,338365,303566
202006,8호선,남한산성입구(성남법원.검찰청),300091,63930,268301,61209,364021,329510
202007,8호선,남한산성입구(성남법원.검찰청),304189,66811,268295,63872,371000,332167
202008,8호선,남한산성입구(성남법원.검찰청),248558,57413,219526,55515,305971,275041
202009,8호선,남한산성입구(성남법원.검찰청),245110,60228,219861,58073,305338,277934
202010,8호선,남한산성입구(성남법원.검찰청),290451,67898,260742,64663,358349,325405
202011,8호선,남한산성입구(성남법원.검찰청),298899,65393,272448,62551,364292,334999
202012,8호선,남한산성입구(성남법원.검찰청),246334,57732,224623,56083,304066,280706
202001,7호선,내방,327126,66021,338575,64640,393147,403215
202002,7호선,내방,293497,48328,304311,47570,341825,351881
202003,7호선,내방,261208,39187,269089,38541,300395,307630
202004,7호선,내방,265703,43258,274405,42627,308961,317032
202005,7호선,내방,287448,52784,298019,51483,340232,349502
202006,7호선,내방,308223,52585,318139,50780,360808,368919
202007,7호선,내방,327522,56707,336118,55079,384229,391197
202008,7호선,내방,283409,49247,288062,47725,332656,335787
202009,7호선,내방,270521,47880,274730,45851,318401,320581
202010,7호선,내방,292597,53256,299008,51250,345853,350258
202011,7호선,내방,306389,53222,313258,51681,359611,364939
202012,7호선,내방,264596,45974,268355,44972,310570,313327
202001,9호선,노들,102557,30918,86445,28487,133475,114932
202002,9호선,노들,87556,23611,73199,21767,111167,94966
202003,9호선,노들,72331,18591,60964,17330,90922,78294
202004,9호선,노들,76673,20844,63428,19232,97517,82660
202005,9호선,노들,84673,25275,70910,23469,109948,94379
202006,9호선,노들,91533,24961,76303,23237,116494,99540
202007,9호선,노들,98488,27108,81270,25005,125596,106275
202008,9호선,노들,86113,23375,70749,21528,109488,92277
202009,9호선,노들,77684,22802,65207,20874,100486,86081
202010,9호선,노들,88465,26130,73953,24133,114595,98086
202011,9호선,노들,89531,25963,75618,24043,115494,99661
202012,9호선,노들,73186,21036,64241,19820,94222,84061
202001,경부선,노량진(1호선),296496,37182,276180,34925,333678,311105
202002,경부선,노량진(1호선),229041,24250,219573,21911,253291,241484
202003,경부선,노량진(1호선),179809,20202,175597,18461,200011,194058
202004,경부선,노량진(1호선),194040,24501,186736,22813,218541,209549
202005,경부선,노량진(1호선),216205,29443,206730,27390,245648,234120
202006,경부선,노량진(1호선),217326,26086,209356,23770,243412,233126
202007,경부선,노량진(1호선),234607,27246,222950,24724,261853,247674
202008,경부선,노량진(1호선),181935,22210,175744,20043,204145,195787
202009,경부선,노량진(1호선),161190,28389,162867,27427,189579,190294
202010,경부선,노량진(1호선),218991,35067,221302,32988,254058,254290
202011,경부선,노량진(1호선),216713,33553,223329,32267,250266,255596
202012,경부선,노량진(1호선),157679,25314,167350,24249,182993,191599
202001,9호선,노량진(9호선),777594,98897,804022,100014,876491,904036
202002,9호선,노량진(9호선),638842,67298,647808,69101,706140,716909
202003,9호선,노량진(9호선),516370,56310,519594,58265,572680,577859
202004,9호선,노량진(9호선),553753,66480,558152,67976,620233,626128
202005,9호선,노량진(9호선),607634,79133,613709,80515,686767,694224
202006,9호선,노량진(9호선),641576,75221,641071,76210,716797,717281
202007,9호선,노량진(9호선),700008,77587,701637,78726,777595,780363
202008,9호선,노량진(9호선),560029,65039,558742,66108,625068,624850
202009,9호선,노량진(9호선),464306,69187,455310,69707,533493,525017
202010,9호선,노량진(9호선),593887,75340,595937,76810,669227,672747
202011,9호선,노량진(9호선),604519,74741,602740,75785,679260,678525
202012,9호선,노량진(9호선),453492,61013,440889,61650,514505,502539
202001,4호선,노원(4호선),545867,91000,635920,89613,636867,725533
202002,4호선,노원(4호선),466259,69954,538300,68852,536213,607152
202003,4호선,노원(4호선),379561,56440,437631,55696,436001,493327
202004,4호선,노원(4호선),401649,63394,464716,62820,465043,527536
202005,4호선,노원(4호선),438797,75876,509211,74664,514673,583875
202006,4호선,노원(4호선),448642,74241,519863,73581,522883,593444
202007,4호선,노원(4호선),478487,78266,555240,77209,556753,632449
202008,4호선,노원(4호선),395547,65405,454037,63855,460952,517892
202009,4호선,노원(4호선),357281,62055,409626,61080,419336,470706
202010,4호선,노원(4호선),427590,74232,495544,73416,501822,568960
202011,4호선,노원(4호선),431810,73495,495256,72219,505305,567475
202012,4호선,노원(4호선),346023,60898,390823,59609,406921,450432
202001,7호선,노원(7호선),502706,118551,542864,117555,621257,660419
202002,7호선,노원(7호선),424601,86309,458369,86695,510910,545064
202003,7호선,노원(7호선),352069,69667,377719,70412,421736,448131
202004,7호선,노원(7호선),371943,80237,401463,80220,452180,481683
202005,7호선,노원(7호선),412009,96091,446438,96488,508100,542926
202006,7호선,노원(7호선),425227,96289,458492,96581,521516,555073
202007,7호선,노원(7호선),456568,103289,494290,103627,559857,597917
202008,7호선,노원(7호선),387589,86990,417885,87650,474579,505535
202009,7호선,노원(7호선),341368,83056,366889,84579,424424,451468
202010,7호선,노원(7호선),402328,95239,438579,95790,497567,534369
202011,7호선,노원(7호선),405390,92261,436139,93248,497651,529387
202012,7호선,노원(7호선),340270,79667,354853,80725,419937,435578
202001,3호선,녹번,332789,68434,286753,66968,401223,353721
202002,3호선,녹번,287442,52432,248634,52026,339874,300660
202003,3호선,녹번,249047,43227,216922,43079,292274,260001
202004,3호선,녹번,260200,49200,224354,48788,309400,273142
202005,3호선,녹번,282310,57725,244831,56911,340035,301742
202006,3호선,녹번,311668,58720,269955,57880,370388,327835
202007,3호선,녹번,339234,64107,293202,62711,403341,355913
202008,3호선,녹번,284973,54655,248434,53794,339628,302228
202009,3호선,녹번,274743,54519,242196,53825,329262,296021
202010,3호선,녹번,312060,61668,272412,60852,373728,333264
202011,3호선,녹번,321639,61497,285970,60839,383136,346809
202012,3호선,녹번,272569,51460,247527,51124,324029,298651
202001,6호선,녹사평(용산구청),140520,18845,146154,17791,159365,163945
202002,6호선,녹사평(용산구청),125460,14870,130923,14372,140330,145295
202003,6호선,녹사평(용산구청),104705,12171,108392,11679,116876,120071
202004,6호선,녹사평(용산구청),105374,13376,110129,12625,118750,122754
202005,6호선,녹사평(용산구청),95749,15038,95468,14210,110787,109678
202006,6호선,녹사평(용산구청),101276,15446,99481,14433,116722,113914
202007,6호선,녹사평(용산구청),117238,16028,118631,15354,133266,133985
202008,6호선,녹사평(용산구청),98603,14001,98273,13134,112604,111407
202009,6호선,녹사평(용산구청),95294,14027,94869,13299,109321,108168
202010,6호선,녹사평(용산구청),114313,15969,118672,15287,130282,133959
202011,6호선,녹사평(용산구청),108000,15705,109283,15280,123705,124563
202012,6호선,녹사평(용산구청),82897,13097,81713,12799,95994,94512
202001,경원선,녹양,108083,34054,100451,32493,142137,132944
202002,경원선,녹양,92892,27476,87510,26236,120368,113746
202003,경원선,녹양,79277,22630,75312,21921,101907,97233
202004,경원선,녹양,79336,25039,74767,24257,104375,99024
202005,경원선,녹양,89598,30443,84404,29309,120041,113713
202006,경원선,녹양,93749,29661,88149,28588,123410,116737
202007,경원선,녹양,96757,30361,91154,29150,127118,120304
202008,경원선,녹양,79284,26449,75245,25386,105733,100631
202009,경원선,녹양,77734,27170,74738,26392,104904,101130
202010,경원선,녹양,90616,31425,85754,30658,122041,116412
202011,경원선,녹양,91458,29399,86546,28549,120857,115095
202012,경원선,녹양,76207,24962,73566,24588,101169,98154
202001,경원선,녹천,101811,37284,81462,34288,139095,115750
202002,경원선,녹천,88129,28749,71049,26214,116878,97263
202003,경원선,녹천,78555,24746,62861,22768,103301,85629
202004,경원선,녹천,79815,27909,64666,25501,107724,90167
202005,경원선,녹천,87139,32799,69875,29821,119938,99696
202006,경원선,녹천,93381,31625,74667,28954,125006,103621
202007,경원선,녹천,97342,34012,78513,31134,131354,109647
202008,경원선,녹천,79177,28257,65598,25672,107434,91270
202009,경원선,녹천,78910,29457,64611,26872,108367,91483
202010,경원선,녹천,88991,33484,71725,30389,122475,102114
202011,경원선,녹천,91606,32859,73839,29725,124465,103564
202012,경원선,녹천,78871,27328,65245,24613,106199,89858
202001,7호선,논현,507146,50199,563802,49838,557345,613640
202002,7호선,논현,460219,41518,511617,41074,501737,552691
202003,7호선,논현,410814,35395,452982,34415,446209,487397
202004,7호선,논현,418033,37521,465465,36674,455554,502139
202005,7호선,논현,437454,43161,484302,42406,480615,526708
202006,7호선,논현,466253,43719,519215,42904,509972,562119
202007,7호선,논현,490925,45320,550705,44753,536245,595458
202008,7호선,논현,410149,38806,456274,38635,448955,494909
202009,7호선,논현,394979,38110,431983,37606,433089,469589
202010,7호선,논현,440134,42554,490634,42446,482688,533080
202011,7호선,논현,458597,43132,509150,42743,501729,551893
202012,7호선,논현,388607,38041,421956,37602,426648,459558
202001,경의선,능곡,76215,28178,68598,27485,104393,96083
202002,경의선,능곡,66117,21191,59244,20941,87308,80185
202003,경의선,능곡,59382,18137,53067,18195,77519,71262
202004,경의선,능곡,62351,22165,55854,22187,84516,78041
202005,경의선,능곡,69300,27529,62497,27429,96829,89926
202006,경의선,능곡,72636,25626,64443,25322,98262,89765
202007,경의선,능곡,76525,26467,67610,26301,102992,93911
202008,경의선,능곡,63570,22194,56652,21904,85764,78556
202009,경의선,능곡,61428,22742,54829,22268,84170,77097
202010,경의선,능곡,72234,26193,64190,25646,98427,89836
202011,경의선,능곡,72391,24677,63919,24305,97068,88224
202012,경의선,능곡,59786,19721,54016,19329,79507,73345
202001,8호선,단대오거리,238883,67641,226645,64517,306524,291162
202002,8호선,단대오거리,210216,52112,198899,50948,262328,249847
202003,8호선,단대오거리,182646,42883,174721,42384,225529,217105
202004,8호선,단대오거리,188576,48778,177015,47665,237354,224680
202005,8호선,단대오거리,202677,56869,191852,54756,259546,246608
202006,8호선,단대오거리,212256,54418,199085,52073,266674,251158
202007,8호선,단대오거리,221202,56855,206009,54669,278057,260678
202008,8호선,단대오거리,182243,49655,172951,47631,231898,220582
202009,8호선,단대오거리,176048,50428,166678,48197,226476,214875
202010,8호선,단대오거리,202368,55832,188016,53549,258200,241565
202011,8호선,단대오거리,210684,55714,197848,53677,266398,251525
202012,8호선,단대오거리,178928,49597,172674,48590,228525,221264
202001,수인선,달월,1210,705,954,407,1915,1361
202002,수인선,달월,1181,593,869,378,1774,1247
202003,수인선,달월,1216,746,932,520,1962,1452
202004,수인선,달월,1202,899,928,727,2101,1655
202005,수인선,달월,1203,796,924,589,1999,1513
202006,수인선,달월,1225,847,937,575,2072,1512
202007,수인선,달월,1387,767,1030,554,2154,1584
202008,수인선,달월,1074,699,822,499,1773,1321
202009,수인선,달월,1229,865,982,656,2094,1638
202010,수인선,달월,1383,878,1255,642,2261,1897
202011,수인선,달월,1325,808,1105,528,2133,1633
202012,수인선,달월,1372,709,1060,403,2081,1463
202001,5호선,답십리,386528,77972,349010,76008,464500,425018
202002,5호선,답십리,345142,62828,312353,61266,407970,373619
202003,5호선,답십리,300459,52482,270987,51363,352941,322350
202004,5호선,답십리,307351,58085,276854,56331,365436,333185
202005,5호선,답십리,328980,66678,298199,64743,395658,362942
202006,5호선,답십리,348248,66150,313566,64243,414398,377809
202007,5호선,답십리,367268,69277,326952,66945,436545,393897
202008,5호선,답십리,308978,59668,278192,58284,368646,336476
202009,5호선,답십리,297650,57260,268503,55712,354910,324215
202010,5호선,답십리,330363,67301,296898,64885,397664,361783
202011,5호선,답십리,341242,66347,307280,64415,407589,371695
202012,5호선,답십리,296234,55669,272490,53768,351903,326258
202001,4호선,당고개,289901,88869,261784,87197,378770,348981
202002,4호선,당고개,251214,71164,228618,70801,322378,299419
202003,4호선,당고개,222558,60900,203310,60451,283458,263761
202004,4호선,당고개,229045,69440,207186,69104,298485,276290
202005,4호선,당고개,249563,81430,225092,80517,330993,305609
202006,4호선,당고개,256464,77124,229779,76002,333588,305781
202007,4호선,당고개,276119,82392,245915,81661,358511,327576
202008,4호선,당고개,231508,69283,207103,69036,300791,276139
202009,4호선,당고개,225706,68733,202925,68511,294439,271436
202010,4호선,당고개,257799,79232,227325,78248,337031,305573
202011,4호선,당고개,258825,74748,229196,73346,333573,302542
202012,4호선,당고개,217333,62549,198177,61517,279882,259694
202001,2호선,당산(2호선),508772,61066,582544,66117,569838,648661
202002,2호선,당산(2호선),450282,48681,520782,52252,498963,573034
202003,2호선,당산(2호선),391999,39364,451874,42709,431363,494583
202004,2호선,당산(2호선),415631,44772,475721,48562,460403,524283
202005,2호선,당산(2호선),438739,52086,502450,56239,490825,558689
202006,2호선,당산(2호선),458645,50567,531737,55292,509212,587029
202007,2호선,당산(2호선),484019,54589,560237,59578,538608,619815
202008,2호선,당산(2호선),390629,44579,453119,48819,435208,501938
202009,2호선,당산(2호선),378259,43990,436689,48020,422249,484709
202010,2호선,당산(2호선),437400,51504,503398,55817,488904,559215
202011,2호선,당산(2호선),442974,48526,514235,53117,491500,567352
202012,2호선,당산(2호선),353282,40427,410307,44250,393709,454557
202001,9호선,당산(9호선),471653,65156,463677,59992,536809,523669
202002,9호선,당산(9호선),410815,49610,403808,45495,460425,449303
202003,9호선,당산(9호선),344874,36757,339612,33240,381631,372852
202004,9호선,당산(9호선),364240,41801,359993,37972,406041,397965
202005,9호선,당산(9호선),388836,51364,385675,47103,440200,432778
202006,9호선,당산(9호선),415788,52897,413029,48414,468685,461443
202007,9호선,당산(9호선),447917,56997,443223,51947,504914,495170
202008,9호선,당산(9호선),376695,48392,372567,44175,425087,416742
202009,9호선,당산(9호선),345741,44649,340572,40623,390390,381195
202010,9호선,당산(9호선),395901,51579,393578,46940,447480,440518
202011,9호선,당산(9호선),408839,52046,405650,47218,460885,452868
202012,9호선,당산(9호선),329030,42925,326753,38938,371955,365691
202001,경부선,당정,156873,28633,147283,27702,185506,174985
202002,경부선,당정,131133,20568,124391,20053,151701,144444
202003,경부선,당정,112139,16703,107851,16126,128842,123977
202004,경부선,당정,118548,19620,112214,19074,138168,131288
202005,경부선,당정,129267,23127,122738,22578,152394,145316
202006,경부선,당정,137736,22654,131375,22211,160390,153586
202007,경부선,당정,145796,24258,138070,23677,170054,161747
202008,경부선,당정,118492,20495,113108,20013,138987,133121
202009,경부선,당정,116627,20889,111593,20193,137516,131786
202010,경부선,당정,135905,24654,128648,23695,160559,152343
202011,경부선,당정,138980,24401,131392,23617,163381,155009
202012,경부선,당정,111576,20166,106808,19552,131742,126360
202001,일산선,대곡,38426,8958,26971,8138,47384,35109
202002,일산선,대곡,33284,7268,23341,6524,40552,29865
202003,일산선,대곡,29898,8125,21036,7670,38023,28706
202004,일산선,대곡,32045,9927,23459,9443,41972,32902
202005,일산선,대곡,35185,12154,25529,11361,47339,36890
202006,일산선,대곡,37457,11991,27005,11294,49448,38299
202007,일산선,대곡,39978,11921,29185,11293,51899,40478
202008,일산선,대곡,32256,9655,24093,9229,41911,33322
202009,일산선,대곡,31422,9890,22991,9419,41312,32410
202010,일산선,대곡,37901,12002,27765,11495,49903,39260
202011,일산선,대곡,38097,10302,27892,9655,48399,37547
202012,일산선,대곡,30084,6852,21947,6219,36936,28166
202001,과천선,대공원,59341,28731,61861,30530,88072,92391
202002,과천선,대공원,32678,20583,34940,21377,53261,56317
202003,과천선,대공원,26883,19995,30157,20563,46878,50720
202004,과천선,대공원,46803,30842,51211,31963,77645,83174
202005,과천선,대공원,56745,38683,61789,40415,95428,102204
202006,과천선,대공원,35824,35634,40488,36864,71458,77352
202007,과천선,대공원,38138,33037,41979,34115,71175,76094
202008,과천선,대공원,29591,22562,32271,23316,52153,55587
202009,과천선,대공원,35161,28124,38489,28998,63285,67487
202010,과천선,대공원,77087,50074,82380,51382,127161,133762
202011,과천선,대공원,49281,36609,53085,38020,85890,91105
202012,과천선,대공원,22937,21295,25096,22106,44232,47202
202001,2호선,대림(구로구청) 2호선,703347,115324,721705,119169,818671,840874
202002,2호선,대림(구로구청) 2호선,552046,87456,553448,90755,639502,644203
202003,2호선,대림(구로구청) 2호선,470216,69796,472418,73330,540012,545748
202004,2호선,대림(구로구청) 2호선,505128,80723,510823,84444,585851,595267
202005,2호선,대림(구로구청) 2호선,562375,94109,572269,97721,656484,669990
202006,2호선,대림(구로구청) 2호선,578830,90664,585369,94668,669494,680037
202007,2호선,대림(구로구청) 2호선,611621,96900,619117,100163,708521,719280
202008,2호선,대림(구로구청) 2호선,533788,83361,542916,86197,617149,629113
202009,2호선,대림(구로구청) 2호선,511997,82645,523077,85679,594642,608756
202010,2호선,대림(구로구청) 2호선,574803,96685,584940,99571,671488,684511
202011,2호선,대림(구로구청) 2호선,574779,95776,583775,99234,670555,683009
202012,2호선,대림(구로구청) 2호선,484878,80938,495956,84267,565816,580223
202001,7호선,대림(구로구청) 7호선,265621,35605,268054,34443,301226,302497
202002,7호선,대림(구로구청) 7호선,160672,23188,159767,22304,183860,182071
202003,7호선,대림(구로구청) 7호선,133447,19210,131725,18598,152657,150323
202004,7호선,대림(구로구청) 7호선,156588,22939,154989,21946,179527,176935
202005,7호선,대림(구로구청) 7호선,186649,27480,185518,26345,214129,211863
202006,7호선,대림(구로구청) 7호선,187352,26615,187114,25645,213967,212759
202007,7호선,대림(구로구청) 7호선,199993,28215,201119,27296,228208,228415
202008,7호선,대림(구로구청) 7호선,186507,25181,186170,24448,211688,210618
202009,7호선,대림(구로구청) 7호선,178609,25259,179322,24392,203868,203714
202010,7호선,대림(구로구청) 7호선,199700,28161,203485,27513,227861,230998
202011,7호선,대림(구로구청) 7호선,193272,27486,195541,27150,220758,222691
202012,7호선,대림(구로구청) 7호선,160334,23856,161346,23117,184190,184463
202001,분당선,대모산입구,69823,27776,62860,27277,97599,90137
202002,분당선,대모산입구,61363,21086,55406,20931,82449,76337
202003,분당선,대모산입구,51347,17051,46569,17138,68398,63707
202004,분당선,대모산입구,54002,19087,49478,18809,73089,68287
202005,분당선,대모산입구,61581,22583,55935,22374,84164,78309
202006,분당선,대모산입구,66043,22878,59798,22644,88921,82442
202007,분당선,대모산입구,71785,24387,63705,23944,96172,87649
202008,분당선,대모산입구,58070,20899,51559,20236,78969,71795
202009,분당선,대모산입구,57044,20866,51650,20490,77910,72140
202010,분당선,대모산입구,65141,23845,58697,23543,88986,82240
202011,분당선,대모산입구,67479,23442,61615,23215,90921,84830
202012,분당선,대모산입구,58208,19549,53439,19339,77757,72778
202001,경부선,대방,333234,68341,339224,68553,401575,407777
202002,경부선,대방,280968,50566,287110,50493,331534,337603
202003,경부선,대방,232107,38470,236793,38286,270577,275079
202004,경부선,대방,245198,45027,247373,44597,290225,291970
202005,경부선,대방,270219,53585,273796,53772,323804,327568
202006,경부선,대방,289530,53072,294621,52889,342602,347510
202007,경부선,대방,306976,56355,311750,56067,363331,367817
202008,경부선,대방,253449,48029,257048,47307,301478,304355
202009,경부선,대방,237296,46839,241655,46258,284135,287913
202010,경부선,대방,273998,55197,280952,54711,329195,335663
202011,경부선,대방,287700,55945,297514,55380,343645,352894
202012,경부선,대방,229616,44450,239190,43787,274066,282977
202001,경춘선,대성리,12735,4663,12399,4175,17398,16574
202002,경춘선,대성리,10619,3870,9534,3529,14489,13063
202003,경춘선,대성리,7196,4049,6563,3746,11245,10309
202004,경춘선,대성리,10193,6179,9576,5792,16372,15368
202005,경춘선,대성리,11140,6754,10293,6196,17894,16489
202006,경춘선,대성리,10846,5759,10058,5103,16605,15161
202007,경춘선,대성리,18575,5815,17560,5227,24390,22787
202008,경춘선,대성리,15396,4557,13762,4053,19953,17815
202009,경춘선,대성리,9377,5264,8529,4858,14641,13387
202010,경춘선,대성리,11966,6197,10882,5655,18163,16537
202011,경춘선,대성리,11645,4765,10409,4274,16410,14683
202012,경춘선,대성리,6676,3795,5989,3270,10471,9259
202001,안산선,대야미,117656,25754,101872,24006,143410,125878
202002,안산선,대야미,100536,20509,87311,19078,121045,106389
202003,안산선,대야미,91845,20233,80297,19211,112078,99508
202004,안산선,대야미,100396,24710,85982,22764,125106,108746
202005,안산선,대야미,107542,27246,93168,25668,134788,118836
202006,안산선,대야미,109404,25728,96680,24540,135132,121220
202007,안산선,대야미,113961,26575,99897,24954,140536,124851
202008,안산선,대야미,94546,21956,83432,20819,116502,104251
202009,안산선,대야미,93978,23509,82982,22042,117487,105024
202010,안산선,대야미,108493,27636,94561,26169,136129,120730
202011,안산선,대야미,106410,25029,93972,23595,131439,117567
202012,안산선,대야미,87606,20363,78901,18875,107969,97776
202001,3호선,대청,232177,54631,209231,52080,286808,261311
202002,3호선,대청,199403,41958,182317,40572,241361,222889
202003,3호선,대청,161543,33770,146184,32538,195313,178722
202004,3호선,대청,169543,37462,153245,35551,207005,188796
202005,3호선,대청,185679,44639,169206,42667,230318,211873
202006,3호선,대청,208316,47727,188357,45545,256043,233902
202007,3호선,대청,223386,50350,201008,47963,273736,248971
202008,3호선,대청,178907,40824,162708,39036,219731,201744
202009,3호선,대청,168012,39637,151548,37817,207649,189365
202010,3호선,대청,195333,46094,176804,44127,241427,220931
202011,3호선,대청,203630,46792,184056,45075,250422,229131
202012,3호선,대청,165232,40253,150008,39144,205485,189152
202001,3호선,대치,305810,61434,293155,59219,367244,352374
202002,3호선,대치,251069,44681,242716,42687,295750,285403
202003,3호선,대치,170724,33544,166760,31617,204268,198377
202004,3호선,대치,192218,37575,185505,35556,229793,221061
202005,3호선,대치,222718,46016,215620,43776,268734,259396
202006,3호선,대치,231668,47490,227339,45546,279158,272885
202007,3호선,대치,255498,50644,249521,48293,306142,297814
202008,3호선,대치,220265,42330,213695,40458,262595,254153
202009,3호선,대치,181918,41721,178020,39776,223639,217796
202010,3호선,대치,229774,47605,224695,45465,277379,270160
202011,3호선,대치,238469,48418,236043,46572,286887,282615
202012,3호선,대치,173526,39878,173799,38217,213404,212016
202001,일산선,대화,340963,85779,261897,77532,426742,339429
202002,일산선,대화,282683,58320,215893,53324,341003,269217
202003,일산선,대화,235085,45117,180117,42052,280202,222169
202004,일산선,대화,241593,51962,185840,48389,293555,234229
202005,일산선,대화,267059,68259,206969,63219,335318,270188
202006,일산선,대화,285778,68513,218000,62935,354291,280935
202007,일산선,대화,303733,73631,226532,66634,377364,293166
202008,일산선,대화,249334,58835,190669,53961,308169,244630
202009,일산선,대화,232549,55495,179602,51090,288044,230692
202010,일산선,대화,274779,65052,211461,60860,339831,272321
202011,일산선,대화,285426,67204,218936,62716,352630,281652
202012,일산선,대화,225885,49254,178615,46754,275139,225369
202001,6호선,대흥(서강대앞),196989,45553,206863,45605,242542,252468
202002,6호선,대흥(서강대앞),169975,33850,178113,33939,203825,212052
202003,6호선,대흥(서강대앞),139170,26285,145932,26467,165455,172399
202004,6호선,대흥(서강대앞),143399,28903,149554,29038,172302,178592
202005,6호선,대흥(서강대앞),155494,35339,161887,35570,190833,197457
202006,6호선,대흥(서강대앞),165473,37023,172648,36719,202496,209367
202007,6호선,대흥(서강대앞),177442,40197,184193,39710,217639,223903
202008,6호선,대흥(서강대앞),146926,31868,152294,31483,178794,183777
202009,6호선,대흥(서강대앞),139264,31921,143930,31358,171185,175288
202010,6호선,대흥(서강대앞),159257,37261,164560,36429,196518,200989
202011,6호선,대흥(서강대앞),166210,38322,171878,37409,204532,209287
202012,6호선,대흥(서강대앞),134760,29928,139454,29548,164688,169002
202001,경원선,덕계,52135,17264,44241,16502,69399,60743
202002,경원선,덕계,44304,13468,37817,13046,57772,50863
202003,경원선,덕계,39796,11936,34205,11708,51732,45913
202004,경원선,덕계,40538,13450,35393,13170,53988,48563
202005,경원선,덕계,47450,16105,41092,15700,63555,56792
202006,경원선,덕계,54016,15248,46312,14859,69264,61171
202007,경원선,덕계,54357,16017,47519,15568,70374,63087
202008,경원선,덕계,45783,13684,40115,13229,59467,53344
202009,경원선,덕계,45474,14428,40203,14194,59902,54397
202010,경원선,덕계,55677,17645,47658,16903,73322,64561
202011,경원선,덕계,56452,16998,49308,16166,73450,65474
202012,경원선,덕계,45341,13921,40223,13625,59262,53848
202001,중앙선,덕소,128441,49795,125421,49459,178236,174880
202002,중앙선,덕소,105922,36011,104977,36280,141933,141257
202003,중앙선,덕소,95061,31143,93912,31193,126204,125105
202004,중앙선,덕소,100533,34798,99384,34942,135331,134326
202005,중앙선,덕소,111671,40594,109920,40746,152265,150666
202006,중앙선,덕소,116092,39957,115813,40271,156049,156084
202007,중앙선,덕소,123799,42121,121632,42336,165920,163968
202008,중앙선,덕소,101279,34808,99200,34969,136087,134169
202009,중앙선,덕소,97133,35780,95902,36010,132913,131912
202010,중앙선,덕소,115503,42464,113484,42812,157967,156296
202011,중앙선,덕소,112958,39435,108988,38731,152393,147719
202012,중앙선,덕소,89608,31330,90356,31845,120938,122201
202001,경원선,덕정,140193,32657,133049,32977,172850,166026
202002,경원선,덕정,114917,26181,110208,26358,141098,136566
202003,경원선,덕정,96903,23864,94611,24123,120767,118734
202004,경원선,덕정,97639,26592,94213,26600,124231,120813
202005,경원선,덕정,119998,33586,115084,33708,153584,148792
202006,경원선,덕정,134057,31613,129355,31837,165670,161192
202007,경원선,덕정,127250,32281,123254,32926,159531,156180
202008,경원선,덕정,104766,26024,100774,26471,130790,127245
202009,경원선,덕정,101489,26364,99547,26620,127853,126167
202010,경원선,덕정,129454,30771,124055,30857,160225,154912
202011,경원선,덕정,125594,27739,121232,27900,153333,149132
202012,경원선,덕정,98142,22678,96350,22846,120820,119196
202001,3호선,도곡(3호선),133153,26868,137690,23958,160021,161648
202002,3호선,도곡(3호선),111754,19115,115829,16608,130869,132437
202003,3호선,도곡(3호선),87396,14219,90191,12362,101615,102553
202004,3호선,도곡(3호선),92121,15878,96215,14244,107999,110459
202005,3호선,도곡(3호선),106519,20009,109642,17865,126528,127507
202006,3호선,도곡(3호선),118837,20570,121848,18009,139407,139857
202007,3호선,도곡(3호선),124797,21979,128799,19901,146776,148700
202008,3호선,도곡(3호선),99772,17919,103274,15735,117691,119009
202009,3호선,도곡(3호선),96377,17333,99148,15297,113710,114445
202010,3호선,도곡(3호선),109276,20845,112779,19046,130121,131825
202011,3호선,도곡(3호선),115406,21955,119121,20091,137361,139212
202012,3호선,도곡(3호선),92569,18409,95007,16568,110978,111575
202001,분당선,도곡(분당선),150313,42149,149685,41720,192462,191405
202002,분당선,도곡(분당선),127276,29530,128579,29329,156806,157908
202003,분당선,도곡(분당선),99182,21990,100179,22115,121172,122294
202004,분당선,도곡(분당선),104496,24513,104278,23821,129009,128099
202005,분당선,도곡(분당선),120054,31199,121068,30525,151253,151593
202006,분당선,도곡(분당선),132748,33305,135142,32390,166053,167532
202007,분당선,도곡(분당선),143190,35648,144633,34739,178838,179372
202008,분당선,도곡(분당선),116552,28789,116911,28311,145341,145222
202009,분당선,도곡(분당선),111231,28381,112025,27776,139612,139801
202010,분당선,도곡(분당선),125842,33654,125373,32735,159496,158108
202011,분당선,도곡(분당선),131122,34206,130780,33161,165328,163941
202012,분당선,도곡(분당선),107714,27750,107811,27302,135464,135113
202001,중앙선,도농,224039,61272,197276,59408,285311,256684
202002,중앙선,도농,191556,42978,171079,41851,234534,212930
202003,중앙선,도농,165846,36005,149490,35167,201851,184657
202004,중앙선,도농,175244,42343,157459,41223,217587,198682
202005,중앙선,도농,192128,50368,172018,48992,242496,221010
202006,중앙선,도농,211654,49503,186575,48251,261157,234826
202007,중앙선,도농,226746,53674,199086,52087,280420,251173
202008,중앙선,도농,183113,43255,164327,42149,226368,206476
202009,중앙선,도농,176475,43887,160159,42784,220362,202943
202010,중앙선,도농,207846,52828,185017,51269,260674,236286
202011,중앙선,도농,213233,50078,190670,48871,263311,239541
202012,중앙선,도농,168265,39617,154109,38579,207882,192688
202001,2호선,도림천,27533,6355,28986,7076,33888,36062
202002,2호선,도림천,25476,5148,26985,5457,30624,32442
202003,2호선,도림천,21580,4292,22671,4399,25872,27070
202004,2호선,도림천,22292,4863,23414,5127,27155,28541
202005,2호선,도림천,23597,5782,24548,6126,29379,30674
202006,2호선,도림천,26872,5623,27970,5825,32495,33795
202007,2호선,도림천,30092,5979,30431,6206,36071,36637
202008,2호선,도림천,25103,5323,25638,5531,30426,31169
202009,2호선,도림천,23831,5416,24550,5780,29247,30330
202010,2호선,도림천,25619,6138,26428,6774,31757,33202
202011,2호선,도림천,26470,6184,27238,6753,32654,33991
202012,2호선,도림천,25286,4966,26388,5275,30252,31663
202001,경원선,도봉,110841,65773,100833,64940,176614,165773
202002,경원선,도봉,95827,52508,86694,52381,148335,139075
202003,경원선,도봉,86807,45927,79209,45953,132734,125162
202004,경원선,도봉,88372,52256,82595,51948,140628,134543
202005,경원선,도봉,96354,60721,88506,60109,157075,148615
202006,경원선,도봉,100422,58198,92136,58384,158620,150520
202007,경원선,도봉,105696,62777,97961,62476,168473,160437
202008,경원선,도봉,88363,53089,82642,52652,141452,135294
202009,경원선,도봉,89107,55944,83932,55480,145051,139412
202010,경원선,도봉,99836,61989,91845,61321,161825,153166
202011,경원선,도봉,99661,59410,93231,59023,159071,152254
202012,경원선,도봉,85712,49331,80978,48988,135043,129966
202010,경원선,도봉산(1호선),148686,110733,83209,88617,259419,171826
202011,경원선,도봉산(1호선),135015,91543,71478,72159,226558,143637
202012,경원선,도봉산(1호선),111500,77867,56928,59887,189367,116815
202001,경원선,도봉산(1호선),144587,91484,75484,71275,236071,146759
202002,경원선,도봉산(1호선),123756,74631,62564,57438,198387,120002
202003,경원선,도봉산(1호선),119249,79032,61734,61444,198281,123178
202004,경원선,도봉산(1호선),129501,94715,69851,74683,224216,144534
202005,경원선,도봉산(1호선),139836,105742,76888,84374,245578,161262
202006,경원선,도봉산(1호선),137982,98584,73292,78082,236566,151374
202001,7호선,도봉산(7호선),216404,37988,249975,55730,254392,305705
202002,7호선,도봉산(7호선),190928,30315,221020,45430,221243,266450
202003,7호선,도봉산(7호선),177143,29552,205396,45786,206695,251182
202004,7호선,도봉산(7호선),182048,35614,213297,54239,217662,267536
202005,7호선,도봉산(7호선),197808,41700,230294,61644,239508,291938
202006,7호선,도봉산(7호선),208089,40485,238541,58881,248574,297422
202007,7호선,도봉산(7호선),217409,41750,247139,60246,259159,307385
202008,7호선,도봉산(7호선),178794,33518,203980,47554,212312,251534
202009,7호선,도봉산(7호선),177535,35323,207481,51629,212858,259110
202010,7호선,도봉산(7호선),206349,45138,242579,66239,251487,308818
202011,7호선,도봉산(7호선),205767,38073,237657,55543,243840,293200
202012,7호선,도봉산(7호선),169676,30185,199166,45920,199861,245086
202007,경원선,도봉산(1호선),141500,100492,73924,80063,241992,153987
202008,경원선,도봉산(1호선),114323,75536,58441,60396,189859,118837
202009,경원선,도봉산(1호선),120673,86470,63509,68925,207143,132434
202001,중앙선,도심,56117,18565,42563,17503,74682,60066
202002,중앙선,도심,48089,13143,36457,12458,61232,48915
202003,중앙선,도심,43251,11922,32824,11240,55173,44064
202004,중앙선,도심,45222,14404,34192,13587,59626,47779
202005,중앙선,도심,48553,16716,37141,15527,65269,52668
202006,중앙선,도심,52836,16306,39182,15089,69142,54271
202007,중앙선,도심,55264,17245,41062,16168,72509,57230
202008,중앙선,도심,43864,13839,32918,12872,57703,45790
202009,중앙선,도심,42476,14359,31882,13359,56835,45241
202010,중앙선,도심,49974,17014,37556,15983,66988,53539
202011,중앙선,도심,49528,15194,36677,14182,64722,50859
202012,중앙선,도심,39346,11941,29495,10917,51287,40412
202001,경인선,도원,66369,33932,66900,35616,100301,102516
202002,경인선,도원,45176,25831,45213,27055,71007,72268
202003,경인선,도원,37612,20347,37989,21674,57959,59663
202004,경인선,도원,40878,22740,41090,23840,63618,64930
202005,경인선,도원,48251,28384,48488,29667,76635,78155
202006,경인선,도원,61513,25185,61674,26760,86698,88434
202007,경인선,도원,65611,27078,65651,28430,92689,94081
202008,경인선,도원,49562,23226,49675,24295,72788,73970
202009,경인선,도원,47930,23373,48113,24619,71303,72732
202010,경인선,도원,59226,26456,59290,27793,85682,87083
202011,경인선,도원,59294,25418,58892,26877,84712,85769
202012,경인선,도원,43215,21501,43577,22941,64716,66518
202001,경인선,도화,81279,36860,70495,35563,118139,106058
202002,경인선,도화,67452,28272,58288,27372,95724,85660
202003,경인선,도화,58300,22509,50257,21701,80809,71958
202004,경인선,도화,61136,25809,52887,24685,86945,77572
202005,경인선,도화,64275,29742,55897,28550,94017,84447
202006,경인선,도화,67844,28152,59812,27277,95996,87089
202007,경인선,도화,73875,30767,65058,29307,104642,94365
202008,경인선,도화,62184,26657,54451,25547,88841,79998
202009,경인선,도화,59245,26454,52482,25395,85699,77877
202010,경인선,도화,69152,29776,60578,28695,98928,89273
202011,경인선,도화,68569,29632,60745,28738,98201,89483
202012,경인선,도화,61505,26780,55902,25961,88285,81863
202001,3호선,독립문,152591,70763,158267,70697,223354,228964
202002,3호선,독립문,122821,51710,127578,51153,174531,178731
202003,3호선,독립문,101637,43925,107325,43296,145562,150621
202004,3호선,독립문,111435,52199,121299,51809,163634,173108
202005,3호선,독립문,124861,61663,134506,61695,186524,196201
202006,3호선,독립문,131086,58679,139520,58098,189765,197618
202007,3호선,독립문,137668,61692,145603,60824,199360,206427
202008,3호선,독립문,114751,51893,118708,50560,166644,169268
202009,3호선,독립문,108542,53409,115091,51762,161951,166853
202010,3호선,독립문,133800,63419,146889,63140,197219,210029
202011,3호선,독립문,129528,60316,140421,60527,189844,200948
202012,3호선,독립문,104346,48897,110634,48329,153243,158963
202001,6호선,독바위,63665,19052,64907,23394,82717,88301
202002,6호선,독바위,55650,14997,56860,18341,70647,75201
202003,6호선,독바위,49462,12535,52285,16127,61997,68412
202004,6호선,독바위,51215,14154,53426,18172,65369,71598
202005,6호선,독바위,54502,16353,55563,20528,70855,76091
202006,6호선,독바위,57443,17319,58553,20950,74762,79503
202007,6호선,독바위,60962,17574,61523,21727,78536,83250
202008,6호선,독바위,51701,14675,51784,18216,66376,70000
202009,6호선,독바위,50334,15192,52821,19250,65526,72071
202010,6호선,독바위,56657,17419,58828,21805,74076,80633
202011,6호선,독바위,56474,16542,57383,20108,73016,77491
202012,6호선,독바위,48474,13747,51320,17395,62221,68715
202001,경부선,독산,392504,64862,404927,67037,457366,471964
202002,경부선,독산,345532,50251,359316,51863,395783,411179
202003,경부선,독산,313350,41430,325795,43016,354780,368811
202004,경부선,독산,316860,46063,328090,47355,362923,375445
202005,경부선,독산,334321,53388,347564,54419,387709,401983
202006,경부선,독산,359888,52288,377394,53652,412176,431046
202007,경부선,독산,379444,56382,397592,57849,435826,455441
202008,경부선,독산,314231,48031,332039,48960,362262,380999
202009,경부선,독산,319405,49304,337567,50801,368709,388368
202010,경부선,독산,344084,53836,361413,54856,397920,416269
202011,경부선,독산,358222,53479,377604,54527,411701,432131
202012,경부선,독산,320079,46688,340417,47889,366767,388306
202001,6호선,돌곶이,195900,57189,180091,56605,253089,236696
202002,6호선,돌곶이,174000,42924,160982,42920,216924,203902
202003,6호선,돌곶이,162641,41771,150592,41900,204412,192492
202004,6호선,돌곶이,167730,43775,153010,43406,211505,196416
202005,6호선,돌곶이,178955,51443,165507,51240,230398,216747
202006,6호선,돌곶이,192402,52416,177510,52161,244818,229671
202007,6호선,돌곶이,200715,55070,183480,54890,255785,238370
202008,6호선,돌곶이,158132,40432,142654,40091,198564,182745
202009,6호선,돌곶이,151639,38680,138334,38252,190319,176586
202010,6호선,돌곶이,171980,44779,155945,44201,216759,200146
202011,6호선,돌곶이,179369,44786,164163,44392,224155,208555
202012,6호선,돌곶이,150991,38455,140640,37972,189446,178612
202001,1호선,동대문(1호선),284724,122756,313871,126600,407480,440471
202002,1호선,동대문(1호선),213374,90504,220153,90311,303878,310464
202003,1호선,동대문(1호선),172387,80692,169335,80931,253079,250266
202004,1호선,동대문(1호선),187667,97137,190186,99317,284804,289503
202005,1호선,동대문(1호선),213742,115710,220134,120140,329452,340274
202006,1호선,동대문(1호선),212214,109322,217623,113803,321536,331426
202007,1호선,동대문(1호선),221485,111363,229774,114765,332848,344539
202008,1호선,동대문(1호선),182969,89727,184632,91067,272696,275699
202009,1호선,동대문(1호선),184244,94355,184462,95369,278599,279831
202010,1호선,동대문(1호선),215609,109800,223103,113115,325409,336218
202011,1호선,동대문(1호선),209906,106156,213469,108389,316062,321858
202012,1호선,동대문(1호선),169229,88712,158990,87422,257941,246412
202001,4호선,동대문(4호선),499442,131602,516569,123019,631044,639588
202002,4호선,동대문(4호선),399684,104045,419904,99322,503729,519226
202003,4호선,동대문(4호선),334939,102013,355511,97063,436952,452574
202004,4호선,동대문(4호선),359326,122010,377624,114634,481336,492258
202005,4호선,동대문(4호선),394356,140707,407214,132133,535063,539347
202006,4호선,동대문(4호선),406982,138458,420656,130311,545440,550967
202007,4호선,동대문(4호선),443027,141636,458027,133243,584663,591270
202008,4호선,동대문(4호선),332405,101218,344858,95762,433623,440620
202009,4호선,동대문(4호선),343104,110605,354475,106238,453709,460713
202010,4호선,동대문(4호선),383798,129131,393797,122363,512929,516160
202011,4호선,동대문(4호선),378573,123619,385693,118631,502192,504324
202012,4호선,동대문(4호선),323208,108035,336905,106295,431243,443200
202001,2호선,동대문역사문화공원(2호선),420734,55402,485431,58430,476136,543861
202002,2호선,동대문역사문화공원(2호선),315886,40156,358395,41712,356042,400107
202003,2호선,동대문역사문화공원(2호선),220373,33782,248284,35240,254155,283524
202004,2호선,동대문역사문화공원(2호선),233818,38972,263288,40804,272790,304092
202005,2호선,동대문역사문화공원(2호선),266240,46454,299137,48902,312694,348039
202006,2호선,동대문역사문화공원(2호선),277899,46213,313701,49048,324112,362749
202007,2호선,동대문역사문화공원(2호선),295695,48498,331326,50763,344193,382089
202008,2호선,동대문역사문화공원(2호선),235140,38130,263325,39969,273270,303294
202009,2호선,동대문역사문화공원(2호선),227270,37587,257432,39523,264857,296955
202010,2호선,동대문역사문화공원(2호선),276598,45262,316126,47808,321860,363934
202011,2호선,동대문역사문화공원(2호선),275264,45136,313519,47079,320400,360598
202012,2호선,동대문역사문화공원(2호선),212730,38531,237898,39678,251261,277576
202001,4호선,동대문역사문화공원(DDP) 4호선,551618,60103,492099,54559,611721,546658
202002,4호선,동대문역사문화공원(DDP) 4호선,418402,42339,385941,38393,460741,424334
202003,4호선,동대문역사문화공원(DDP) 4호선,302032,35476,287895,32058,337508,319953
202004,4호선,동대문역사문화공원(DDP) 4호선,309277,40325,293345,36259,349602,329604
202005,4호선,동대문역사문화공원(DDP) 4호선,335943,46867,316147,42598,382810,358745
202006,4호선,동대문역사문화공원(DDP) 4호선,345575,47487,325682,42462,393062,368144
202007,4호선,동대문역사문화공원(DDP) 4호선,366432,50062,342801,44756,416494,387557
202008,4호선,동대문역사문화공원(DDP) 4호선,299309,40601,279855,36375,339910,316230
202009,4호선,동대문역사문화공원(DDP) 4호선,289094,39209,272206,35271,328303,307477
202010,4호선,동대문역사문화공원(DDP) 4호선,339894,46801,322095,42469,386695,364564
202011,4호선,동대문역사문화공원(DDP) 4호선,342642,46940,323468,42253,389582,365721
202012,4호선,동대문역사문화공원(DDP) 4호선,280492,40253,262830,36318,320745,299148
202003,5호선,동대문역사문화공원(DDP) 5호선,51385,6621,59077,7136,58006,66213
202004,5호선,동대문역사문화공원(DDP) 5호선,52421,6676,61285,7299,59097,68584
202005,5호선,동대문역사문화공원(DDP) 5호선,55225,7479,64506,8214,62704,72720
202006,5호선,동대문역사문화공원(DDP) 5호선,59702,7826,70142,8607,67528,78749
202007,5호선,동대문역사문화공원(DDP) 5호선,61406,7944,72389,8610,69350,80999
202008,5호선,동대문역사문화공원(DDP) 5호선,53058,6664,62030,7113,59722,69143
202009,5호선,동대문역사문화공원(DDP) 5호선,52458,6428,61061,6967,58886,68028
202010,5호선,동대문역사문화공원(DDP) 5호선,54159,6487,64973,7126,60646,72099
202011,5호선,동대문역사문화공원(DDP) 5호선,59569,6860,69705,7899,66429,77604
202012,5호선,동대문역사문화공원(DDP) 5호선,54609,6153,62035,6681,60762,68716
202001,5호선,동대문역사문화공원(DDP) 5호선,71814,8990,86271,9869,80804,96140
202002,5호선,동대문역사문화공원(DDP) 5호선,66110,7920,76502,8495,74030,84997
202001,3호선,동대입구,251463,33652,277157,36639,285115,313796
202002,3호선,동대입구,179415,23652,193434,25170,203067,218604
202003,3호선,동대입구,141445,19541,153721,21301,160986,175022
202004,3호선,동대입구,143973,23085,159132,26434,167058,185566
202005,3호선,동대입구,156342,27259,168663,30545,183601,199208
202006,3호선,동대입구,167866,27143,177757,29443,195009,207200
202007,3호선,동대입구,174029,29196,182801,31594,203225,214395
202008,3호선,동대입구,146692,23829,153220,25575,170521,178795
202009,3호선,동대입구,141046,23978,148916,25680,165024,174596
202010,3호선,동대입구,165799,30070,181395,34540,195869,215935
202011,3호선,동대입구,177299,30278,190210,34529,207577,224739
202012,3호선,동대입구,141500,21446,147630,23124,162946,170754
202001,경원선,동두천,41998,19560,49547,24530,61558,74077
202002,경원선,동두천,33066,15789,38109,19554,48855,57663
202003,경원선,동두천,26656,14239,31004,18082,40895,49086
202004,경원선,동두천,24860,15718,29548,22378,40578,51926
202005,경원선,동두천,32938,19247,38039,27177,52185,65216
202006,경원선,동두천,38611,17833,43677,24153,56444,67830
202007,경원선,동두천,38117,18546,43081,24735,56663,67816
202008,경원선,동두천,28564,15441,32718,19834,44005,52552
202009,경원선,동두천,27872,16245,32786,21463,44117,54249
202010,경원선,동두천,35580,18643,40747,25921,54223,66668
202011,경원선,동두천,39295,17493,44632,23016,56788,67648
202012,경원선,동두천,28788,14344,32786,17395,43132,50181
202001,경원선,동두천중앙,65714,39751,61936,39824,105465,101760
202002,경원선,동두천중앙,52362,29350,48917,29856,81712,78773
202003,경원선,동두천중앙,45073,23823,42636,24191,68896,66827
202004,경원선,동두천중앙,45900,24913,43426,25392,70813,68818
202005,경원선,동두천중앙,54168,31924,50985,32199,86092,83184
202006,경원선,동두천중앙,57423,30619,54004,30980,88042,84984
202007,경원선,동두천중앙,58745,31236,55851,31375,89981,87226
202008,경원선,동두천중앙,48693,25479,46482,25780,74172,72262
202009,경원선,동두천중앙,46762,26373,45193,26854,73135,72047
202010,경원선,동두천중앙,53644,29456,51023,29835,83100,80858
202011,경원선,동두천중앙,53045,29178,51092,29622,82223,80714
202012,경원선,동두천중앙,44967,24241,43707,24187,69208,67894
202001,1호선,동묘앞(1호선),156787,141311,168473,143603,298098,312076
202002,1호선,동묘앞(1호선),117820,100130,124937,102701,217950,227638
202003,1호선,동묘앞(1호선),99356,101899,107297,102879,201255,210176
202004,1호선,동묘앞(1호선),109891,124654,122030,125843,234545,247873
202005,1호선,동묘앞(1호선),123775,142827,135338,144520,266602,279858
202006,1호선,동묘앞(1호선),125164,129724,134811,131047,254888,265858
202007,1호선,동묘앞(1호선),126100,132170,135446,134894,258270,270340
202008,1호선,동묘앞(1호선),100373,104373,105911,105305,204746,211216
202009,1호선,동묘앞(1호선),106120,123144,112366,123667,229264,236033
202010,1호선,동묘앞(1호선),129868,148493,140413,150601,278361,291014
202011,1호선,동묘앞(1호선),123243,130264,131205,131631,253507,262836
202012,1호선,동묘앞(1호선),98631,110088,103368,111166,208719,214534
202001,6호선,동묘앞(6호선),193663,67774,200516,61678,261437,262194
202002,6호선,동묘앞(6호선),157974,50018,164931,45554,207992,210485
202003,6호선,동묘앞(6호선),135524,45335,141369,40891,180859,182260
202004,6호선,동묘앞(6호선),143926,52907,149401,47345,196833,196746
202005,6호선,동묘앞(6호선),156408,60538,160933,54139,216946,215072
202006,6호선,동묘앞(6호선),157356,56928,164878,52327,214284,217205
202007,6호선,동묘앞(6호선),166223,59515,171868,54374,225738,226242
202008,6호선,동묘앞(6호선),132517,48863,138138,45086,181380,183224
202009,6호선,동묘앞(6호선),136741,52859,141228,48393,189600,189621
202010,6호선,동묘앞(6호선),158907,61995,164123,55788,220902,219911
202011,6호선,동묘앞(6호선),158250,58219,165123,52716,216469,217839
202012,6호선,동묘앞(6호선),135549,50919,140614,45966,186468,186580
202001,경인선,동암,404975,100167,404426,100972,505142,505398
202002,경인선,동암,336563,72565,336107,73339,409128,409446
202003,경인선,동암,292455,59443,291135,59552,351898,350687
202004,경인선,동암,306445,68639,306171,69022,375084,375193
202005,경인선,동암,329321,78961,329825,79158,408282,408983
202006,경인선,동암,336978,74793,336640,75205,411771,411845
202007,경인선,동암,358745,81208,359450,81798,439953,441248
202008,경인선,동암,307448,71322,308388,71690,378770,380078
202009,경인선,동암,297236,69351,298696,69762,366587,368458
202010,경인선,동암,339224,80195,337343,80971,419419,418314
202011,경인선,동암,338341,76946,338652,77109,415287,415761
202012,경인선,동암,283663,65017,287366,65478,348680,352844
202001,경인선,동인천,351112,121728,334026,117942,472840,451968
202002,경인선,동인천,282374,88661,266811,86412,371035,353223
202003,경인선,동인천,239570,71532,226442,68846,311102,295288
202004,경인선,동인천,254169,81645,240811,79842,335814,320653
202005,경인선,동인천,270688,96418,257468,93876,367106,351344
202006,경인선,동인천,278718,90955,265563,88251,369673,353814
202007,경인선,동인천,303911,99234,288530,95929,403145,384459
202008,경인선,동인천,255203,86061,242784,83436,341264,326220
202009,경인선,동인천,241338,82439,229618,79934,323777,309552
202010,경인선,동인천,282154,96948,266203,94186,379102,360389
202011,경인선,동인천,277925,90809,263675,87962,368734,351637
202012,경인선,동인천,226093,76401,217005,74540,302494,291545
202001,4호선,동작(현충원) 4호선,47730,18832,51142,19057,66562,70199
202002,4호선,동작(현충원) 4호선,39394,14401,41894,14170,53795,56064
202003,4호선,동작(현충원) 4호선,38410,15390,41011,14979,53800,55990
202004,4호선,동작(현충원) 4호선,43551,18079,46516,17799,61630,64315
202005,4호선,동작(현충원) 4호선,49918,21236,52459,21089,71154,73548
202006,4호선,동작(현충원) 4호선,50003,21721,53662,22229,71724,75891
202007,4호선,동작(현충원) 4호선,52116,22214,54973,21597,74330,76570
202008,4호선,동작(현충원) 4호선,38762,18964,41301,18205,57726,59506
202009,4호선,동작(현충원) 4호선,42321,19919,44512,19245,62240,63757
202010,4호선,동작(현충원) 4호선,47705,22546,50257,21420,70251,71677
202011,4호선,동작(현충원) 4호선,44548,20890,48825,20090,65438,68915
202012,4호선,동작(현충원) 4호선,33817,17791,37370,16958,51608,54328
202001,9호선,동작(현충원) 9호선,45457,14438,35753,12743,59895,48496
202002,9호선,동작(현충원) 9호선,34985,9334,27356,7837,44319,35193
202003,9호선,동작(현충원) 9호선,32037,10543,25090,8876,42580,33966
202004,9호선,동작(현충원) 9호선,32480,7566,26906,6891,40046,33797
202005,9호선,동작(현충원) 9호선,37306,11764,30086,10404,49070,40490
202006,9호선,동작(현충원) 9호선,40531,13273,32873,11686,53804,44559
202007,9호선,동작(현충원) 9호선,40038,8593,31861,7171,48631,39032
202008,9호선,동작(현충원) 9호선,36365,8035,27412,6638,44400,34050
202009,9호선,동작(현충원) 9호선,32750,6916,25431,5803,39666,31234
202010,9호선,동작(현충원) 9호선,37256,8756,29682,7385,46012,37067
202011,9호선,동작(현충원) 9호선,38243,9574,30363,8006,47817,38369
202012,9호선,동작(현충원) 9호선,29718,6298,22966,5267,36016,28233
202001,경부선,두정,126217,21393,129402,22167,147610,151569
202002,경부선,두정,98686,14859,100225,15161,113545,115386
202003,경부선,두정,72667,9748,73689,9961,82415,83650
202004,경부선,두정,87787,12752,89818,12924,100539,102742
202005,경부선,두정,106121,15517,109127,15840,121638,124967
202006,경부선,두정,111412,15900,113152,16033,127312,129185
202007,경부선,두정,114386,16585,115725,16872,130971,132597
202008,경부선,두정,98911,14493,102291,14669,113404,116960
202009,경부선,두정,104836,13826,106061,14169,118662,120230
202010,경부선,두정,124005,16538,126128,16691,140543,142819
202011,경부선,두정,125590,15848,127272,16195,141438,143467
202012,경부선,두정,100264,13375,100378,13668,113639,114046
202001,5호선,둔촌동,192370,60803,195799,62267,253173,258066
202002,5호선,둔촌동,165839,46739,167586,47463,212578,215049
202003,5호선,둔촌동,138046,36045,138042,36476,174091,174518
202004,5호선,둔촌동,143878,40415,142861,40858,184293,183719
202005,5호선,둔촌동,159140,49034,158252,50342,208174,208594
202006,5호선,둔촌동,167182,49188,166632,50506,216370,217138
202007,5호선,둔촌동,174181,52022,173216,53368,226203,226584
202008,5호선,둔촌동,145784,43244,146053,44236,189028,190289
202009,5호선,둔촌동,138631,42775,139071,43680,181406,182751
202010,5호선,둔촌동,160161,49210,158518,50019,209371,208537
202011,5호선,둔촌동,164758,48475,164060,49647,213233,213707
202012,5호선,둔촌동,140861,40587,141769,41688,181448,183457
202001,9호선2~3단계,둔촌오륜,20022,5577,19388,5585,25599,24973
202002,9호선2~3단계,둔촌오륜,16719,4193,16201,4254,20912,20455
202003,9호선2~3단계,둔촌오륜,13742,3113,12859,3177,16855,16036
202004,9호선2~3단계,둔촌오륜,15232,3681,14256,3556,18913,17812
202005,9호선2~3단계,둔촌오륜,17014,4401,15789,4382,21415,20171
202006,9호선2~3단계,둔촌오륜,23456,4501,20031,4575,27957,24606
202007,9호선2~3단계,둔촌오륜,25802,4963,21567,5040,30765,26607
202008,9호선2~3단계,둔촌오륜,18621,4189,17189,4217,22810,21406
202009,9호선2~3단계,둔촌오륜,18415,4072,16355,4121,22487,20476
202010,9호선2~3단계,둔촌오륜,22752,4605,19899,4783,27357,24682
202011,9호선2~3단계,둔촌오륜,22658,4711,19706,4820,27369,24526
202012,9호선2~3단계,둔촌오륜,19203,4133,16453,4133,23336,20586
202001,9호선,등촌,222601,77910,223158,78684,300511,301842
202002,9호선,등촌,197349,58516,197787,59583,255865,257370
202003,9호선,등촌,169459,48815,169032,49528,218274,218560
202004,9호선,등촌,175307,54795,171341,55010,230102,226351
202005,9호선,등촌,188626,63984,185850,64360,252610,250210
202006,9호선,등촌,200432,62786,196124,63492,263218,259616
202007,9호선,등촌,215025,68059,209450,68640,283084,278090
202008,9호선,등촌,190111,58420,185372,59110,248531,244482
202009,9호선,등촌,176658,58325,172788,59233,234983,232021
202010,9호선,등촌,198112,63526,191889,64367,261638,256256
202011,9호선,등촌,208184,64098,202550,64907,272282,267457
202012,9호선,등촌,179927,54409,178590,55222,234336,233812
202001,6호선,디지털미디어시티(6호선),329881,52974,359478,53015,382855,412493
202002,6호선,디지털미디어시티(6호선),294824,42143,323775,42793,336967,366568
202003,6호선,디지털미디어시티(6호선),255126,34843,275556,35649,289969,311205
202004,6호선,디지털미디어시티(6호선),257951,38009,277247,38967,295960,316214
202005,6호선,디지털미디어시티(6호선),272911,43661,293455,44439,316572,337894
202006,6호선,디지털미디어시티(6호선),294563,43600,324619,43856,338163,368475
202007,6호선,디지털미디어시티(6호선),315262,46281,346440,46677,361543,393117
202008,6호선,디지털미디어시티(6호선),264514,39604,288680,40391,304118,329071
202009,6호선,디지털미디어시티(6호선),254369,39286,276315,39896,293655,316211
202010,6호선,디지털미디어시티(6호선),285675,45912,309707,46586,331587,356293
202011,6호선,디지털미디어시티(6호선),301307,45469,327121,45705,346776,372826
202012,6호선,디지털미디어시티(6호선),254679,37566,277955,38521,292245,316476
202001,경의선,디지털미디어시티(경의선),59813,9760,55341,9657,69573,64998
202002,경의선,디지털미디어시티(경의선),49728,7483,47639,7654,57211,55293
202003,경의선,디지털미디어시티(경의선),40467,6350,38226,6359,46817,44585
202004,경의선,디지털미디어시티(경의선),43731,7446,41387,7502,51177,48889
202005,경의선,디지털미디어시티(경의선),48853,9012,46385,8923,57865,55308
202006,경의선,디지털미디어시티(경의선),1,0,0,0,1,0
202006,경의선,디지털미디어시티(경의선),52699,8612,49913,8920,61311,58833
202007,경의선,디지털미디어시티(경의선),56930,9403,53634,9451,66333,63085
202008,경의선,디지털미디어시티(경의선),48181,7971,45440,7972,56152,53412
202009,경의선,디지털미디어시티(경의선),44978,7782,43028,7885,52760,50913
202010,경의선,디지털미디어시티(경의선),53979,9540,50981,9585,63519,60566
202011,경의선,디지털미디어시티(경의선),56233,9213,52376,9273,65446,61649
202012,경의선,디지털미디어시티(경의선),44131,7408,42272,7380,51539,49652
202001,공항철도 1호선,디지털미디어시티(공항철도),340483,23070,305763,21457,363553,327220
202002,공항철도 1호선,디지털미디어시티(공항철도),297700,18768,271562,17449,316468,289011
202003,공항철도 1호선,디지털미디어시티(공항철도),245473,13587,227190,12778,259060,239968
202004,공항철도 1호선,디지털미디어시티(공항철도),248727,15122,229474,14289,263849,243763
202005,공항철도 1호선,디지털미디어시티(공항철도),267728,17718,245446,16593,285446,262039
202006,공항철도 1호선,디지털미디어시티(공항철도),300333,18583,272867,17333,318916,290200
202007,공항철도 1호선,디지털미디어시티(공항철도),324103,19225,291617,17921,343328,309538
202008,공항철도 1호선,디지털미디어시티(공항철도),264361,16085,239420,15169,280446,254589
202009,공항철도 1호선,디지털미디어시티(공항철도),251648,15680,228016,14558,267328,242574
202010,공항철도 1호선,디지털미디어시티(공항철도),293641,18833,264614,17484,312474,282098
202011,공항철도 1호선,디지털미디어시티(공항철도),313729,19303,280132,18019,333032,298151
202012,공항철도 1호선,디지털미디어시티(공항철도),252453,15817,227070,14788,268270,241858
202001,2호선,뚝섬,489458,56941,520507,57555,546399,578062
202002,2호선,뚝섬,447294,46153,480366,46800,493447,527166
202003,2호선,뚝섬,410371,39854,444751,40487,450225,485238
202004,2호선,뚝섬,424352,43290,455448,43808,467642,499256
202005,2호선,뚝섬,436340,48599,471097,49292,484939,520389
202006,2호선,뚝섬,457254,48167,496868,48972,505421,545840
202007,2호선,뚝섬,499375,51243,541905,52027,550618,593932
202008,2호선,뚝섬,401747,43302,434091,44022,445049,478113
202009,2호선,뚝섬,392526,43207,425793,44047,435733,469840
202010,2호선,뚝섬,445338,49083,481170,49858,494421,531028
202011,2호선,뚝섬,464807,49093,502197,49896,513900,552093
202012,2호선,뚝섬,372509,41076,403004,41751,413585,444755
202001,7호선,뚝섬유원지,177589,36433,171066,36484,214022,207550
202002,7호선,뚝섬유원지,147444,29004,143065,29311,176448,172376
202003,7호선,뚝섬유원지,190361,26125,192872,26901,216486,219773
202004,7호선,뚝섬유원지,200559,30389,202436,30736,230948,233172
202005,7호선,뚝섬유원지,233394,35489,230560,35986,268883,266546
202006,7호선,뚝섬유원지,227332,35503,219894,36080,262835,255974
202007,7호선,뚝섬유원지,236705,37666,223157,38223,274371,261380
202008,7호선,뚝섬유원지,145143,32060,140098,32651,177203,172749
202009,7호선,뚝섬유원지,168112,30231,163790,30771,198343,194561
202010,7호선,뚝섬유원지,193248,35630,187466,35898,228878,223364
202011,7호선,뚝섬유원지,166339,32705,160958,32937,199044,193895
202012,7호선,뚝섬유원지,129785,27025,127287,27559,156810,154846
202001,5호선,마곡,172296,28699,160742,27715,200995,188457
202002,5호선,마곡,157988,24799,148314,24143,182787,172457
202003,5호선,마곡,147177,22141,139480,21513,169318,160993
202004,5호선,마곡,155839,24612,146797,23720,180451,170517
202005,5호선,마곡,170436,28947,161032,28179,199383,189211
202006,5호선,마곡,185131,28455,175937,27231,213586,203168
202007,5호선,마곡,197628,30702,188815,29405,228330,218220
202008,5호선,마곡,164862,25760,160130,24611,190622,184741
202009,5호선,마곡,159584,26290,155665,25513,185874,181178
202010,5호선,마곡,182755,29623,177012,28486,212378,205498
202011,5호선,마곡,194366,29439,189132,28286,223805,217418
202012,5호선,마곡,167519,25266,163137,24563,192785,187700
202001,9호선,마곡나루(서울식물원) 9호선,265222,22245,266235,21813,287467,288048
202002,9호선,마곡나루(서울식물원) 9호선,235387,18313,235432,18134,253700,253566
202003,9호선,마곡나루(서울식물원) 9호선,203492,15359,204006,15416,218851,219422
202004,9호선,마곡나루(서울식물원) 9호선,205494,17430,205585,17303,222924,222888
202005,9호선,마곡나루(서울식물원) 9호선,223761,20942,225201,20519,244703,245720
202006,9호선,마곡나루(서울식물원) 9호선,239321,20073,240728,19521,259394,260249
202007,9호선,마곡나루(서울식물원) 9호선,261020,22134,260968,21593,283154,282561
202008,9호선,마곡나루(서울식물원) 9호선,222140,19125,223831,18425,241265,242256
202009,9호선,마곡나루(서울식물원) 9호선,207181,18658,208616,18092,225839,226708
202010,9호선,마곡나루(서울식물원) 9호선,240986,23702,243202,23170,264688,266372
202011,9호선,마곡나루(서울식물원) 9호선,249994,21954,249784,21418,271948,271202
202012,9호선,마곡나루(서울식물원) 9호선,201153,18137,201731,17721,219290,219452
202001,공항철도 1호선,마곡나루(서울식물원) 공항철도,174101,8559,157284,8385,182660,165669
202002,공항철도 1호선,마곡나루(서울식물원) 공항철도,154776,7034,140430,6937,161810,147367
202003,공항철도 1호선,마곡나루(서울식물원) 공항철도,137791,6279,127438,6171,144070,133609
202004,공항철도 1호선,마곡나루(서울식물원) 공항철도,143208,7318,133040,7384,150526,140424
202005,공항철도 1호선,마곡나루(서울식물원) 공항철도,154095,8557,143153,8551,162652,151704
202006,공항철도 1호선,마곡나루(서울식물원) 공항철도,176203,8387,161574,8262,184590,169836
202007,공항철도 1호선,마곡나루(서울식물원) 공항철도,187345,9090,172580,8841,196435,181421
202008,공항철도 1호선,마곡나루(서울식물원) 공항철도,147995,7459,138922,7227,155454,146149
202009,공항철도 1호선,마곡나루(서울식물원) 공항철도,143576,7975,135549,7866,151551,143415
202010,공항철도 1호선,마곡나루(서울식물원) 공항철도,167610,10129,162957,10040,177739,172997
202011,공항철도 1호선,마곡나루(서울식물원) 공항철도,173255,9365,166982,9389,182620,176371
202012,공항철도 1호선,마곡나루(서울식물원) 공항철도,130250,7412,125541,7195,137662,132736
202001,일산선,마두,165056,72915,170236,74551,237971,244787
202002,일산선,마두,134536,51330,140699,52127,185866,192826
202003,일산선,마두,111032,37650,116392,38263,148682,154655
202004,일산선,마두,118436,43497,122819,44305,161933,167124
202005,일산선,마두,131552,54518,136081,56024,186070,192105
202006,일산선,마두,139649,55394,144428,56439,195043,200867
202007,일산선,마두,149260,57825,153759,59437,207085,213196
202008,일산선,마두,123213,46797,127635,47674,170010,175309
202009,일산선,마두,113213,44784,118335,46406,157997,164741
202010,일산선,마두,135612,53495,138637,54691,189107,193328
202011,일산선,마두,138741,51764,142696,53295,190505,195991
202012,일산선,마두,112309,41346,116960,42138,153655,159098
202001,7호선,마들,269582,78218,249620,78310,347800,327930
202002,7호선,마들,234679,60040,219296,60655,294719,279951
202003,7호선,마들,207382,51261,194615,51349,258643,245964
202004,7호선,마들,214520,57983,197784,58140,272503,255924
202005,7호선,마들,231028,66366,212516,66418,297394,278934
202006,7호선,마들,245488,67180,226744,66951,312668,293695
202007,7호선,마들,259772,71751,238361,71385,331523,309746
202008,7호선,마들,221255,61426,205965,61126,282681,267091
202009,7호선,마들,212988,60596,200064,60231,273584,260295
202010,7호선,마들,238271,68990,218705,68515,307261,287220
202011,7호선,마들,243360,66208,226129,66055,309568,292184
202012,7호선,마들,212545,57130,204012,57377,269675,261389
202001,경춘선,마석,76378,33074,74198,32592,109452,106790
202002,경춘선,마석,62415,23960,61055,23889,86375,84944
202003,경춘선,마석,52981,20194,52399,20083,73175,72482
202004,경춘선,마석,58891,25526,57871,25126,84417,82997
202005,경춘선,마석,67731,30883,66376,30942,98614,97318
202006,경춘선,마석,71058,28190,68858,28422,99248,97280
202007,경춘선,마석,77822,29463,75039,29658,107285,104697
202008,경춘선,마석,63836,23936,61296,24250,87772,85546
202009,경춘선,마석,62240,25136,61020,25349,87376,86369
202010,경춘선,마석,76444,30391,73347,30468,106835,103815
202011,경춘선,마석,75103,27734,71783,28087,102837,99870
202012,경춘선,마석,60016,21674,58752,22033,81690,80785
202001,5호선,마장,133502,46725,127434,46104,180227,173538
202002,5호선,마장,110411,31317,104092,31247,141728,135339
202003,5호선,마장,95235,24951,89631,24676,120186,114307
202004,5호선,마장,99114,27771,92960,27439,126885,120399
202005,5호선,마장,107992,32602,100854,32119,140594,132973
202006,5호선,마장,113773,31011,105505,30454,144784,135959
202007,5호선,마장,120262,32555,111090,32262,152817,143352
202008,5호선,마장,101285,29313,93600,28670,130598,122270
202009,5호선,마장,100086,30882,92759,30432,130968,123191
202010,5호선,마장,108414,32257,99867,31624,140671,131491
202011,5호선,마장,112327,32042,105109,31565,144369,136674
202012,5호선,마장,95315,27540,89683,27193,122855,116876
202001,5호선,마천,104317,47525,103410,49655,151842,153065
202002,5호선,마천,92448,37122,90607,39151,129570,129758
202003,5호선,마천,82243,32952,82097,34424,115195,116521
202004,5호선,마천,85544,36568,85408,38135,122112,123543
202005,5호선,마천,93358,42055,93592,44000,135413,137592
202006,5호선,마천,98828,41626,98314,44184,140454,142498
202007,5호선,마천,106710,43586,103999,46221,150296,150220
202008,5호선,마천,92581,37805,91366,39712,130386,131078
202009,5호선,마천,92864,39056,91832,40826,131920,132658
202010,5호선,마천,106239,44507,103801,46252,150746,150053
202011,5호선,마천,110033,43931,107500,45602,153964,153102
202012,5호선,마천,94134,37570,94220,39561,131704,133781
202001,5호선,마포,341150,61749,352566,60767,402899,413333
202002,5호선,마포,298198,47427,308893,46752,345625,355645
202003,5호선,마포,256359,38541,267034,37493,294900,304527
202004,5호선,마포,263712,42398,273959,41568,306110,315527
202005,5호선,마포,282143,49913,293752,49153,332056,342905
202006,5호선,마포,303727,50938,317146,50224,354665,367370
202007,5호선,마포,323779,53501,336344,52875,377280,389219
202008,5호선,마포,268432,45536,278667,44653,313968,323320
202009,5호선,마포,253993,44006,263680,43225,297999,306905
202010,5호선,마포,275529,49754,291897,49427,325283,341324
202011,5호선,마포,297985,51168,310150,50727,349153,360877
202012,5호선,마포,250318,41595,259018,40981,291913,299999
202001,6호선,마포구청,335463,80158,298986,73082,415621,372068
202002,6호선,마포구청,297978,60329,263272,55384,358307,318656
202003,6호선,마포구청,257188,46202,227629,42194,303390,269823
202004,6호선,마포구청,266064,51404,231593,46635,317468,278228
202005,6호선,마포구청,284622,61484,248207,55321,346106,303528
202006,6호선,마포구청,300487,60912,261700,55270,361399,316970
202007,6호선,마포구청,317158,65501,275354,58956,382659,334310
202008,6호선,마포구청,270403,56323,237506,50571,326726,288077
202009,6호선,마포구청,259095,54224,227031,48944,313319,275975
202010,6호선,마포구청,287990,63616,252830,56844,351606,309674
202011,6호선,마포구청,298438,63913,263637,57730,362351,321367
202012,6호선,마포구청,254529,51273,231345,46798,305802,278143
202001,중앙선,망우,163129,69389,156790,70549,232518,227339
202002,중앙선,망우,136095,51716,133861,53253,187811,187114
202003,중앙선,망우,118871,44361,114089,45238,163232,159327
202004,중앙선,망우,126337,51649,120881,52299,177986,173180
202005,중앙선,망우,138412,58731,133221,59716,197143,192937
202006,중앙선,망우,145728,56788,139701,57958,202516,197659
202007,중앙선,망우,157302,60839,149501,61802,218141,211303
202008,중앙선,망우,132341,50780,126729,51410,183121,178139
202009,중앙선,망우,125074,53850,120649,54255,178924,174904
202010,중앙선,망우,144914,60507,139061,60801,205421,199862
202011,중앙선,망우,144552,56809,137867,57878,201361,195745
202012,중앙선,망우,118987,46877,115875,48352,165864,164227
202001,6호선,망원,343306,83914,375563,87903,427220,463466
202002,6호선,망원,301553,62924,332118,65650,364477,397768
202003,6호선,망원,263985,50333,292248,52250,314318,344498
202004,6호선,망원,275959,59539,306418,61835,335498,368253
202005,6호선,망원,296505,70588,332490,73736,367093,406226
202006,6호선,망원,299861,68275,334568,71765,368136,406333
202007,6호선,망원,329681,71755,366370,75312,401436,441682
202008,6호선,망원,273530,61429,300643,64744,334959,365387
202009,6호선,망원,261364,64757,289002,67652,326121,356654
202010,6호선,망원,296525,69624,330226,72514,366149,402740
202011,6호선,망원,299127,69876,330406,72986,369003,403392
202012,6호선,망원,239444,58034,262354,60987,297478,323341
202001,경원선,망월사,153568,68962,153292,71039,222530,224331
202002,경원선,망월사,131593,55367,133165,57040,186960,190205
202003,경원선,망월사,108233,44890,111196,46359,153123,157555
202004,경원선,망월사,111977,49529,115321,51473,161506,166794
202005,경원선,망월사,131181,59207,132936,60892,190388,193828
202006,경원선,망월사,152930,56571,154888,58171,209501,213059
202007,경원선,망월사,145544,58822,146851,60531,204366,207382
202008,경원선,망월사,118146,51393,120528,52233,169539,172761
202009,경원선,망월사,115746,52546,118942,53951,168292,172893
202010,경원선,망월사,143960,60067,146566,61717,204027,208283
202011,경원선,망월사,154224,58134,155117,59624,212358,214741
202012,경원선,망월사,110016,47639,114218,48786,157655,163004
202001,분당선,망포,365263,34351,338976,32882,399614,371858
202002,분당선,망포,302372,24720,284215,23738,327092,307953
202003,분당선,망포,246111,18532,232978,17829,264643,250807
202004,분당선,망포,265721,22073,249103,21198,287794,270301
202005,분당선,망포,287842,27157,272189,26068,314999,298257
202006,분당선,망포,305786,27563,289423,26322,333349,315745
202007,분당선,망포,330241,29305,310613,28016,359546,338629
202008,분당선,망포,268058,24205,255410,23109,292263,278519
202009,분당선,망포,260595,24103,246078,23380,284698,269458
202010,분당선,망포,313131,30001,294402,28967,343132,323369
202011,분당선,망포,324572,29689,305968,28652,354261,334620
202012,분당선,망포,265037,23899,253679,23013,288936,276692
202001,분당선,매교,50636,16090,51777,16466,66726,68243
202002,분당선,매교,41663,11660,42237,11921,53323,54158
202003,분당선,매교,34749,9198,35018,9385,43947,44403
202004,분당선,매교,37207,10561,37889,11022,47768,48911
202005,분당선,매교,43664,12784,43647,13026,56448,56673
202006,분당선,매교,50416,12364,49997,12721,62780,62718
202007,분당선,매교,53383,13018,52662,13246,66401,65908
202008,분당선,매교,42316,10669,41968,10861,52985,52829
202009,분당선,매교,45333,11783,46239,12147,57116,58386
202010,분당선,매교,57067,14401,57235,14838,71468,72073
202011,분당선,매교,58256,14098,58748,14724,72354,73472
202012,분당선,매교,47848,11668,48803,12289,59516,61092
202001,3호선,매봉,267671,56928,257640,52468,324599,310108
202002,3호선,매봉,236744,42449,228797,38504,279193,267301
202003,3호선,매봉,202661,33606,196791,30068,236267,226859
202004,3호선,매봉,206666,36475,200274,33338,243141,233612
202005,3호선,매봉,221421,45503,214823,41365,266924,256188
202006,3호선,매봉,249257,47164,241371,42718,296421,284089
202007,3호선,매봉,266602,50851,257135,46352,317453,303487
202008,3호선,매봉,221146,42124,213259,38309,263270,251568
202009,3호선,매봉,210489,40295,201893,36383,250784,238276
202010,3호선,매봉,235782,47987,228830,44085,283769,272915
202011,3호선,매봉,252325,50454,243403,46416,302779,289819
202012,3호선,매봉,216246,40273,206732,36771,256519,243503
202001,분당선,매탄권선,114976,16761,107224,16203,131737,123427
202002,분당선,매탄권선,94353,12138,88241,11858,106491,100099
202003,분당선,매탄권선,78036,9241,72794,9019,87277,81813
202004,분당선,매탄권선,84344,10807,78999,10416,95151,89415
202005,분당선,매탄권선,93299,13447,87785,12950,106746,100735
202006,분당선,매탄권선,99360,13460,93829,12934,112820,106763
202007,분당선,매탄권선,106865,14495,100931,13845,121360,114776
202008,분당선,매탄권선,87273,12157,82443,11621,99430,94064
202009,분당선,매탄권선,86086,12507,81350,12023,98593,93373
202010,분당선,매탄권선,103902,15185,98134,14463,119087,112597
202011,분당선,매탄권선,106836,14853,101764,14301,121689,116065
202012,분당선,매탄권선,85962,11997,82816,11784,97959,94600
202001,7호선,먹골,244336,60501,234787,61474,304837,296261
202002,7호선,먹골,217091,47699,209399,48523,264790,257922
202003,7호선,먹골,192548,40152,184905,40882,232700,225787
202004,7호선,먹골,197667,44637,188110,45027,242304,233137
202005,7호선,먹골,213567,52944,203673,53285,266511,256958
202006,7호선,먹골,219676,50838,208839,51201,270514,260040
202007,7호선,먹골,231068,54128,219297,54558,285196,273855
202008,7호선,먹골,196219,46150,188018,46604,242369,234622
202009,7호선,먹골,186860,46008,178871,46202,232868,225073
202010,7호선,먹골,210120,52695,199795,52690,262815,252485
202011,7호선,먹골,213756,51371,204940,51851,265127,256791
202012,7호선,먹골,184882,44530,180832,44924,229412,225756
202001,7호선,면목,356901,91611,339579,93500,448512,433079
202002,7호선,면목,316722,72856,301504,75252,389578,376756
202003,7호선,면목,290660,63174,277969,65454,353834,343423
202004,7호선,면목,297018,70871,282474,72953,367889,355427
202005,7호선,면목,316407,80748,300999,82843,397155,383842
202006,7호선,면목,334756,78441,317614,81187,413197,398801
202007,7호선,면목,346977,82826,328042,85506,429803,413548
202008,7호선,면목,295723,71802,281794,74256,367525,356050
202009,7호선,면목,287859,70940,276132,73280,358799,349412
202010,7호선,면목,327525,79490,310629,81607,407015,392236
202011,7호선,면목,337265,77022,322580,79770,414287,402350
202012,7호선,면목,284013,65802,279015,68812,349815,347827
202001,4호선,명동,942450,68568,1016434,70636,1011018,1087070
202002,4호선,명동,630664,43692,671930,43780,674356,715710
202003,4호선,명동,334648,33485,351628,33257,368133,384885
202004,4호선,명동,342220,38146,365304,38439,380366,403743
202005,4호선,명동,389247,46230,416615,47359,435477,463974
202006,4호선,명동,416642,45828,445870,46795,462470,492665
202007,4호선,명동,439432,48923,472264,50124,488355,522388
202008,4호선,명동,354578,39160,375697,39498,393738,415195
202009,4호선,명동,335442,37766,355836,38178,373208,394014
202010,4호선,명동,419364,47517,448222,48648,466881,496870
202011,4호선,명동,428131,48704,448352,49253,476835,497605
202012,4호선,명동,329819,37735,343628,37891,367554,381519
202001,5호선,명일,186675,63399,191291,66085,250074,257376
202002,5호선,명일,158255,46597,163033,48760,204852,211793
202003,5호선,명일,129061,32827,132615,34394,161888,167009
202004,5호선,명일,140652,38897,143644,40677,179549,184321
202005,5호선,명일,156740,48504,159746,50543,205244,210289
202006,5호선,명일,167920,47825,171675,50045,215745,221720
202007,5호선,명일,178452,51485,181612,53603,229937,235215
202008,5호선,명일,147291,43976,150700,46064,191267,196764
202009,5호선,명일,138507,41697,141847,43967,180204,185814
202010,5호선,명일,161882,51122,163056,52951,213004,216007
202011,5호선,명일,169855,51750,171490,54162,221605,225652
202012,5호선,명일,136124,41385,140221,43540,177509,183761
202001,경부선,명학,209803,41987,200326,41044,251790,241370
202002,경부선,명학,183045,32435,178802,31842,215480,210644
202003,경부선,명학,166072,26914,162263,26172,192986,188435
202004,경부선,명학,168850,30517,165318,29607,199367,194925
202005,경부선,명학,180509,35302,176948,34146,215811,211094
202006,경부선,명학,196656,35323,195130,34410,231979,229540
202007,경부선,명학,205166,36938,201530,35837,242104,237367
202008,경부선,명학,168619,30993,166561,29990,199612,196551
202009,경부선,명학,170569,31811,168249,30687,202380,198936
202010,경부선,명학,186603,36513,184390,35306,223116,219696
202011,경부선,명학,197396,35716,195572,34834,233112,230406
202012,경부선,명학,171644,29690,170283,29195,201334,199478
202001,8호선,모란(8호선),90338,54490,71576,39294,144828,110870
202002,8호선,모란(8호선),74959,38544,59362,27567,113503,86929
202003,8호선,모란(8호선),62367,31627,48619,22522,93994,71141
202004,8호선,모란(8호선),66520,40003,52021,28839,106523,80860
202005,8호선,모란(8호선),72605,46224,58294,33709,118829,92003
202006,8호선,모란(8호선),75270,43704,59694,32526,118974,92220
202007,8호선,모란(8호선),79023,45735,63450,34383,124758,97833
202008,8호선,모란(8호선),66442,39256,52462,30242,105698,82704
202009,8호선,모란(8호선),62291,40874,48007,31443,103165,79450
202010,8호선,모란(8호선),74758,46764,60581,35916,121522,96497
202011,8호선,모란(8호선),74220,42981,58034,32530,117201,90564
202012,8호선,모란(8호선),62430,36235,46908,27202,98665,74110
202001,분당선,모란(분당선),489726,168308,487274,184089,658034,671363
202002,분당선,모란(분당선),417980,118756,413954,129867,536736,543821
202003,분당선,모란(분당선),342119,93483,339496,103070,435602,442566
202004,분당선,모란(분당선),363512,120145,362926,132881,483657,495807
202005,분당선,모란(분당선),394389,137894,393225,153035,532283,546260
202006,분당선,모란(분당선),407245,132255,402771,145870,539500,548641
202007,분당선,모란(분당선),433774,138504,427763,151764,572278,579527
202008,분당선,모란(분당선),362880,117413,359149,127836,480293,486985
202009,분당선,모란(분당선),345018,127272,338372,138362,472290,476734
202010,분당선,모란(분당선),401852,143789,397829,155657,545641,553486
202011,분당선,모란(분당선),406287,132978,400528,144064,539265,544592
202012,분당선,모란(분당선),341328,112011,334409,121403,453339,455812
202001,5호선,목동,433443,84120,470291,86187,517563,556478
202002,5호선,목동,374047,64590,410691,66688,438637,477379
202003,5호선,목동,315976,51682,352105,53287,367658,405392
202004,5호선,목동,331100,58627,363816,59272,389727,423088
202005,5호선,목동,359559,70745,392914,71801,430304,464715
202006,5호선,목동,375927,68451,412770,69733,444378,482503
202007,5호선,목동,401257,72318,436926,74268,473575,511194
202008,5호선,목동,336305,60726,366764,62342,397031,429106
202009,5호선,목동,313528,59612,345020,60790,373140,405810
202010,5호선,목동,361701,68907,390858,69835,430608,460693
202011,5호선,목동,368295,68496,404266,70020,436791,474286
202012,5호선,목동,302909,57591,337168,58967,360500,396135
202001,8호선,몽촌토성(평화의문),129772,31166,139362,30164,160938,169526
202002,8호선,몽촌토성(평화의문),108986,22862,117317,22020,131848,139337
202003,8호선,몽촌토성(평화의문),95318,19802,102439,19060,115120,121499
202004,8호선,몽촌토성(평화의문),102261,22986,110019,22147,125247,132166
202005,8호선,몽촌토성(평화의문),109730,27193,118324,26552,136923,144876
202006,8호선,몽촌토성(평화의문),112057,25086,120088,24328,137143,144416
202007,8호선,몽촌토성(평화의문),120757,26025,129008,25308,146782,154316
202008,8호선,몽촌토성(평화의문),102074,20916,108729,20029,122990,128758
202009,8호선,몽촌토성(평화의문),98637,21445,103848,20449,120082,124297
202010,8호선,몽촌토성(평화의문),121503,28481,127726,27628,149984,155354
202011,8호선,몽촌토성(평화의문),120224,26914,126184,25980,147138,152164
202012,8호선,몽촌토성(평화의문),99269,21289,104251,20272,120558,124523
202001,3호선,무악재,86371,29340,86338,31434,115711,117772
202002,3호선,무악재,74882,22494,74377,24346,97376,98723
202003,3호선,무악재,64474,17925,64005,19489,82399,83494
202004,3호선,무악재,67521,20597,66344,22331,88118,88675
202005,3호선,무악재,72729,23912,72646,25782,96641,98428
202006,3호선,무악재,77234,23643,77295,25618,100877,102913
202007,3호선,무악재,82901,24767,81248,26867,107668,108115
202008,3호선,무악재,68549,20962,66798,22827,89511,89625
202009,3호선,무악재,65387,20731,64784,22595,86118,87379
202010,3호선,무악재,75228,24251,75109,26191,99479,101300
202011,3호선,무악재,77099,23829,76452,25947,100928,102399
202012,3호선,무악재,64631,19245,64770,21227,83876,85997
202001,2호선,문래,502219,81413,511615,80129,583632,591744
202002,2호선,문래,449932,58997,460551,58197,508929,518748
202003,2호선,문래,390007,48211,402594,47698,438218,450292
202004,2호선,문래,407341,53436,420002,52915,460777,472917
202005,2호선,문래,436033,62126,451852,61801,498159,513653
202006,2호선,문래,470798,63020,488802,62375,533818,551177
202007,2호선,문래,501087,68289,520425,67531,569376,587956
202008,2호선,문래,413774,57076,428075,56394,470850,484469
202009,2호선,문래,394497,55265,407917,54475,449762,462392
202010,2호선,문래,445580,63395,461219,62766,508975,523985
202011,2호선,문래,467328,64890,480273,64161,532218,544434
202012,2호선,문래,384889,52836,393826,52047,437725,445873
202001,경의선,문산,131054,40109,130286,39783,171163,170069
202002,경의선,문산,100157,29647,99183,29426,129804,128609
202003,경의선,문산,80728,26660,80055,26422,107388,106477
202004,경의선,문산,88336,33146,87607,32747,121482,120354
202005,경의선,문산,106683,38588,104124,38246,145271,142370
202006,경의선,문산,107102,37541,106075,37478,144643,143553
202007,경의선,문산,112782,38578,111419,38516,151360,149935
202008,경의선,문산,89524,31556,88521,31959,121080,120480
202009,경의선,문산,85627,32384,85142,32591,118011,117733
202010,경의선,문산,107356,38525,103903,38795,145881,142698
202011,경의선,문산,101972,35219,101581,35376,137191,136957
202012,경의선,문산,78874,26626,78664,26643,105500,105307
202001,8호선,문정,492853,55097,511277,54775,547950,566052
202002,8호선,문정,456623,44465,477854,44425,501088,522279
202003,8호선,문정,405607,35825,426838,35904,441432,462742
202004,8호선,문정,409120,39768,428893,39664,448888,468557
202005,8호선,문정,421237,46451,442668,46401,467688,489069
202006,8호선,문정,468730,48110,492002,47650,516840,539652
202007,8호선,문정,497112,49749,521212,49646,546861,570858
202008,8호선,문정,410044,41557,430750,41150,451601,471900
202009,8호선,문정,404367,41173,424988,40955,445540,465943
202010,8호선,문정,437566,46785,459342,46213,484351,505555
202011,8호선,문정,470759,48737,493695,48442,519496,542137
202012,8호선,문정,409905,40435,429742,40319,450340,470061
202001,분당선,미금,390568,111130,414820,118700,501698,533520
202002,분당선,미금,325650,78442,346260,82417,404092,428677
202003,분당선,미금,246226,56138,264469,58377,302364,322846
202004,분당선,미금,268476,67008,286046,70797,335484,356843
202005,분당선,미금,300616,83275,318813,88817,383891,407630
202006,분당선,미금,321261,83452,341113,89132,404713,430245
202007,분당선,미금,343464,89713,366259,95101,433177,461360
202008,분당선,미금,280158,73140,298517,77165,353298,375682
202009,분당선,미금,258228,71878,276709,76171,330106,352880
202010,분당선,미금,305226,84568,324760,90206,389794,414966
202011,분당선,미금,309490,84566,329235,89290,394056,418525
202012,분당선,미금,255727,69216,270733,71685,324943,342418
202008,5호선,미사,160427,28511,160997,28640,188938,189637
202009,5호선,미사,213525,34433,213535,34746,247958,248281
202010,5호선,미사,265223,43150,260423,43168,308373,303591
202011,5호선,미사,290973,43707,282738,43610,334680,326348
202012,5호선,미사,249377,35514,248324,35608,284891,283932
202001,4호선,미아(서울사이버대학),351246,114065,324261,113364,465311,437625
202002,4호선,미아(서울사이버대학),308812,89414,285882,90302,398226,376184
202003,4호선,미아(서울사이버대학),270597,76861,253201,78665,347458,331866
202004,4호선,미아(서울사이버대학),274876,86123,256558,87301,360999,343859
202005,4호선,미아(서울사이버대학),298015,98853,277710,100115,396868,377825
202006,4호선,미아(서울사이버대학),320805,94756,297927,96002,415561,393929
202007,4호선,미아(서울사이버대학),333019,100118,306883,101505,433137,408388
202008,4호선,미아(서울사이버대학),275081,83199,255227,85290,358280,340517
202009,4호선,미아(서울사이버대학),268481,85687,252299,87630,354168,339929
202010,4호선,미아(서울사이버대학),303090,96271,281275,97688,399361,378963
202011,4호선,미아(서울사이버대학),305703,94665,288063,96301,400368,384364
202012,4호선,미아(서울사이버대학),259652,79770,249512,82361,339422,331873
202001,4호선,미아사거리,697355,181369,674210,179554,878724,853764
202002,4호선,미아사거리,601614,139914,581227,138458,741528,719685
202003,4호선,미아사거리,521669,118627,503453,117729,640296,621182
202004,4호선,미아사거리,539045,134809,519062,132948,673854,652010
202005,4호선,미아사거리,585279,158848,565181,157683,744127,722864
202006,4호선,미아사거리,610113,154978,585770,154057,765091,739827
202007,4호선,미아사거리,643781,161647,617486,160966,805428,778452
202008,4호선,미아사거리,532793,136597,512746,136216,669390,648962
202009,4호선,미아사거리,508860,134963,491777,134304,643823,626081
202010,4호선,미아사거리,582452,153890,560746,152795,736342,713541
202011,4호선,미아사거리,592565,150476,571467,149356,743041,720823
202012,4호선,미아사거리,497719,128120,487637,127597,625839,615234
202001,안산선,반월,107431,28144,98650,27485,135575,126135
202002,안산선,반월,88209,21182,81820,20982,109391,102802
202003,안산선,반월,76984,18192,72155,17999,95176,90154
202004,안산선,반월,82227,21498,76541,21036,103725,97577
202005,안산선,반월,90630,25511,84289,25130,116141,109419
202006,안산선,반월,93641,24013,87734,23894,117654,111628
202007,안산선,반월,98576,25147,92197,24931,123723,117128
202008,안산선,반월,84201,21696,79038,21516,105897,100554
202009,안산선,반월,80206,22280,76109,22059,102486,98168
202010,안산선,반월,93242,26015,87731,25658,119257,113389
202011,안산선,반월,91876,23885,86600,23583,115761,110183
202012,안산선,반월,75137,19707,71981,19403,94844,91384
202001,7호선,반포,150251,33404,145993,31926,183655,177919
202002,7호선,반포,126529,24976,123778,23868,151505,147646
202003,7호선,반포,104523,19809,104013,19057,124332,123070
202004,7호선,반포,112665,23135,110227,22098,135800,132325
202005,7호선,반포,128216,27925,123624,26199,156141,149823
202006,7호선,반포,134090,28755,130444,27126,162845,157570
202007,7호선,반포,141666,30142,138154,28380,171808,166534
202008,7호선,반포,119239,25556,114988,23955,144795,138943
202009,7호선,반포,111091,24481,107645,23264,135572,130909
202010,7호선,반포,122276,26518,118886,25491,148794,144377
202011,7호선,반포,123008,25591,119995,24361,148599,144356
202012,7호선,반포,104073,21858,100957,20706,125931,121663
202001,5호선,발산,463826,85386,478934,82656,549212,561590
202002,5호선,발산,412277,65718,426733,63380,477995,490113
202003,5호선,발산,337233,51368,353611,48939,388601,402550
202004,5호선,발산,366481,59811,383856,57280,426292,441136
202005,5호선,발산,395966,70118,416699,67480,466084,484179
202006,5호선,발산,418059,68534,436633,66123,486593,502756
202007,5호선,발산,433749,73474,455778,70999,507223,526777
202008,5호선,발산,358428,63815,377306,61691,422243,438997
202009,5호선,발산,334020,60767,348311,58548,394787,406859
202010,5호선,발산,398742,71414,421468,69263,470156,490731
202011,5호선,발산,417026,70377,434341,67883,487403,502224
202012,5호선,발산,326637,56938,335365,54816,383575,390181
202001,2호선,방배,426727,76366,442229,75603,503093,517832
202002,2호선,방배,366331,56864,381104,56184,423195,437288
202003,2호선,방배,303448,43887,315936,42730,347335,358666
202004,2호선,방배,321319,49110,332706,47874,370429,380580
202005,2호선,방배,354429,59466,368004,58603,413895,426607
202006,2호선,방배,383999,60243,398979,58883,444242,457862
202007,2호선,방배,397717,63857,413492,61868,461574,475360
202008,2호선,방배,326299,52841,340479,51821,379140,392300
202009,2호선,방배,314754,51098,326891,50016,365852,376907
202010,2호선,방배,372893,60031,388515,59049,432924,447564
202011,2호선,방배,393581,61361,412395,60295,454942,472690
202012,2호선,방배,294978,49637,308785,48837,344615,357622
202001,5호선,방이,170087,45972,174864,45570,216059,220434
202002,5호선,방이,146695,33660,150805,33302,180355,184107
202003,5호선,방이,119266,26170,123923,25580,145436,149503
202004,5호선,방이,125534,29223,129560,28696,154757,158256
202005,5호선,방이,138866,35822,142572,35192,174688,177764
202006,5호선,방이,147160,35988,152913,35147,183148,188060
202007,5호선,방이,156705,38024,162331,37332,194729,199663
202008,5호선,방이,130103,31857,134649,31121,161960,165770
202009,5호선,방이,118257,30530,122614,29794,148787,152408
202010,5호선,방이,141803,35546,146434,34898,177349,181332
202011,5호선,방이,145932,36224,150144,35838,182156,185982
202012,5호선,방이,115068,29512,119327,29366,144580,148693
202001,경원선,방학,183531,104642,174532,103510,288173,278042
202002,경원선,방학,156031,83201,148980,82916,239232,231896
202003,경원선,방학,138835,70142,132666,69975,208977,202641
202004,경원선,방학,142688,80103,138303,79715,222791,218018
202005,경원선,방학,157740,93431,152262,92713,251171,244975
202006,경원선,방학,164399,88830,159347,88671,253229,248018
202007,경원선,방학,172346,94899,168261,94969,267245,263230
202008,경원선,방학,144851,79324,141176,79437,224175,220613
202009,경원선,방학,141662,80611,138236,80426,222273,218662
202010,경원선,방학,160048,92567,154539,91516,252615,246055
202011,경원선,방학,161688,92785,157125,91913,254473,249038
202012,경원선,방학,138898,74892,135708,75234,213790,210942
202001,5호선,방화,156224,48636,148055,46529,204860,194584
202002,5호선,방화,135243,37945,127984,36151,173188,164135
202003,5호선,방화,113594,32355,107463,30532,145949,137995
202004,5호선,방화,118462,36568,111416,34402,155030,145818
202005,5호선,방화,128871,41652,122176,39667,170523,161843
202006,5호선,방화,139520,41619,132052,39607,181139,171659
202007,5호선,방화,148839,44088,139689,42344,192927,182033
202008,5호선,방화,123255,37824,117031,36583,161079,153614
202009,5호선,방화,114912,36624,108651,35144,151536,143795
202010,5호선,방화,133396,42424,124982,40869,175820,165851
202011,5호선,방화,136678,40385,128906,39221,177063,168127
202012,5호선,방화,111425,34139,106805,32837,145564,139642
202001,장항선,배방,22691,6660,21930,6410,29351,28340
202002,장항선,배방,16996,4119,16303,3971,21115,20274
202003,장항선,배방,13316,3239,12789,3138,16555,15927
202004,장항선,배방,16960,4288,15733,4221,21248,19954
202005,장항선,배방,20432,5741,19756,5807,26173,25563
202006,장항선,배방,20662,5193,20015,5237,25855,25252
202007,장항선,배방,21872,5329,21288,5345,27201,26633
202008,장항선,배방,18760,4542,18356,4418,23302,22774
202009,장항선,배방,18046,4508,17795,4442,22554,22237
202010,장항선,배방,22264,5257,21773,5131,27521,26904
202011,장항선,배방,21402,4875,21007,4833,26277,25840
202012,장항선,배방,17885,3924,17212,3874,21809,21086
202001,경의선,백마,161795,31590,148137,31379,193385,179516
202002,경의선,백마,137698,23898,126657,23744,161596,150401
202003,경의선,백마,118777,20483,110644,20529,139260,131173
202004,경의선,백마,126572,22619,117877,22419,149191,140296
202005,경의선,백마,136810,27111,127310,26860,163921,154170
202006,경의선,백마,148291,26815,138829,26877,175106,165706
202007,경의선,백마,158544,27281,147808,27725,185825,175533
202008,경의선,백마,126129,22108,118783,22306,148237,141089
202009,경의선,백마,119710,23040,113886,23008,142750,136894
202010,경의선,백마,143653,26876,133043,26765,170529,159808
202011,경의선,백마,146498,26966,136118,27212,173464,163330
202012,경의선,백마,115658,20549,111258,20891,136207,132149
202001,일산선,백석,249234,75166,250320,74173,324400,324493
202002,일산선,백석,202050,55025,203678,53799,257075,257477
202003,일산선,백석,173450,45732,176326,44387,219182,220713
202004,일산선,백석,180890,51945,182306,50681,232835,232987
202005,일산선,백석,198752,62464,199929,61263,261216,261192
202006,일산선,백석,203709,62866,205768,61689,266575,267457
202007,일산선,백석,215744,64989,218065,63231,280733,281296
202008,일산선,백석,180057,53120,182190,52219,233177,234409
202009,일산선,백석,170691,52931,174238,52410,223622,226648
202010,일산선,백석,197840,61073,198650,60001,258913,258651
202011,일산선,백석,200041,60011,201062,59210,260052,260272
202012,일산선,백석,171356,50763,172807,49728,222119,222535
202001,경춘선,백양리,8407,840,7774,830,9247,8604
202002,경춘선,백양리,5293,685,4740,668,5978,5408
202003,경춘선,백양리,1148,783,945,726,1931,1671
202004,경춘선,백양리,1533,1596,1402,1628,3129,3030
202005,경춘선,백양리,1908,1740,1690,1805,3648,3495
202006,경춘선,백양리,1749,1931,1714,1929,3680,3643
202007,경춘선,백양리,2488,1954,2037,1996,4442,4033
202008,경춘선,백양리,2758,1077,2306,1068,3835,3374
202009,경춘선,백양리,1547,898,1345,936,2445,2281
202010,경춘선,백양리,1975,1228,1848,1337,3203,3185
202011,경춘선,백양리,1773,715,1722,674,2488,2396
202012,경춘선,백양리,2498,577,2423,547,3075,2970
202001,경인선,백운,174638,61231,166978,61799,235869,228777
202002,경인선,백운,142432,44192,138453,45241,186624,183694
202003,경인선,백운,117929,35648,115012,36464,153577,151476
202004,경인선,백운,123781,41579,120612,42900,165360,163512
202005,경인선,백운,135515,48219,132486,49365,183734,181851
202006,경인선,백운,143099,46288,139348,47200,189387,186548
202007,경인선,백운,153331,50622,148688,51434,203953,200122
202008,경인선,백운,127464,44159,123975,44935,171623,168910
202009,경인선,백운,123444,43547,121095,44569,166991,165664
202010,경인선,백운,142186,49218,136974,49947,191404,186921
202011,경인선,백운,143288,47069,140299,48092,190357,188391
202012,경인선,백운,118205,39364,116778,40423,157569,157201
202001,6호선,버티고개,52471,14195,47990,16349,66666,64339
202002,6호선,버티고개,46129,11131,42114,12932,57260,55046
202003,6호선,버티고개,38798,9237,35470,10969,48035,46439
202004,6호선,버티고개,40017,9995,36255,11986,50012,48241
202005,6호선,버티고개,42401,11793,38865,13815,54194,52680
202006,6호선,버티고개,46546,11985,42336,13776,58531,56112
202007,6호선,버티고개,49129,13038,45165,15230,62167,60395
202008,6호선,버티고개,40688,11028,37675,12706,51716,50381
202009,6호선,버티고개,39906,10849,36864,12867,50755,49731
202010,6호선,버티고개,45791,12527,42297,14654,58318,56951
202011,6호선,버티고개,46873,12520,43253,14383,59393,57636
202012,6호선,버티고개,38038,10250,35402,11743,48288,47145
202001,과천선,범계,723688,105722,709227,102173,829410,811400
202002,과천선,범계,601593,74276,586596,71612,675869,658208
202003,과천선,범계,490345,57131,477177,55577,547476,532754
202004,과천선,범계,526677,68140,514157,66208,594817,580365
202005,과천선,범계,569657,82395,558012,80168,652052,638180
202006,과천선,범계,588735,82641,578489,80501,671376,658990
202007,과천선,범계,630189,87797,620976,85356,717986,706332
202008,과천선,범계,516279,73172,505955,71577,589451,577532
202009,과천선,범계,478778,68912,468779,67442,547690,536221
202010,과천선,범계,570639,83214,563296,80907,653853,644203
202011,과천선,범계,578852,80615,569748,78636,659467,648384
202012,과천선,범계,469451,65980,458719,64383,535431,523102
202001,경춘선,별내,56103,17791,54947,16927,73894,71874
202002,경춘선,별내,47910,13560,46813,13207,61470,60020
202003,경춘선,별내,40794,12243,40641,12024,53037,52665
202004,경춘선,별내,43357,14301,42887,13807,57658,56694
202005,경춘선,별내,49229,16591,48109,16012,65820,64121
202006,경춘선,별내,52959,16103,51460,15750,69062,67210
202007,경춘선,별내,56495,16927,54227,16622,73422,70849
202008,경춘선,별내,47524,14017,45954,13703,61541,59657
202009,경춘선,별내,47058,14634,45442,14185,61692,59627
202010,경춘선,별내,56462,17397,53628,16576,73859,70204
202011,경춘선,별내,56142,16487,53147,15953,72629,69100
202012,경춘선,별내,46208,13268,44945,13025,59476,57970
202001,경부선,병점,374020,61302,376318,60541,435322,436859
202002,경부선,병점,292166,40749,291732,39738,332915,331470
202003,경부선,병점,241398,31538,239918,30821,272936,270739
202004,경부선,병점,265579,38462,263067,37687,304041,300754
202005,경부선,병점,298694,47626,301096,47100,346320,348196
202006,경부선,병점,312169,45543,312087,45109,357712,357196
202007,경부선,병점,332358,48677,330818,47808,381035,378626
202008,경부선,병점,272092,40981,271648,39994,313073,311642
202009,경부선,병점,261548,39632,259239,39237,301180,298476
202010,경부선,병점,318263,47635,318921,46891,365898,365812
202011,경부선,병점,317713,44835,318094,44052,362548,362146
202012,경부선,병점,251547,35919,250364,35423,287466,285787
202001,7호선,보라매,222468,49244,223515,49025,271712,272540
202002,7호선,보라매,202060,36334,201371,35540,238394,236911
202003,7호선,보라매,176132,25869,175397,24914,202001,200311
202004,7호선,보라매,186045,30741,184745,29944,216786,214689
202005,7호선,보라매,205212,42286,204417,41926,247498,246343
202006,7호선,보라매,222705,35785,221578,35413,258490,256991
202007,7호선,보라매,233153,37808,231706,37153,270961,268859
202008,7호선,보라매,193696,32255,191799,31193,225951,222992
202009,7호선,보라매,188780,31380,185660,30145,220160,215805
202010,7호선,보라매,210310,35759,207436,34549,246069,241985
202011,7호선,보라매,218999,36000,216752,34824,254999,251576
202012,7호선,보라매,182095,30105,180832,28868,212200,209700
202001,6호선,보문(6호선),184595,31658,167161,29944,216253,197105
202002,6호선,보문(6호선),163859,24473,148612,23644,188332,172256
202003,6호선,보문(6호선),144221,19846,132179,19322,164067,151501
202004,6호선,보문(6호선),148410,21995,134508,21394,170405,155902
202005,6호선,보문(6호선),158372,25328,144176,24472,183700,168648
202006,6호선,보문(6호선),165957,25011,150417,24345,190968,174762
202007,6호선,보문(6호선),177526,26711,160204,25350,204237,185554
202008,6호선,보문(6호선),146322,21729,132799,21036,168051,153835
202009,6호선,보문(6호선),142469,21588,128929,21090,164057,150019
202010,6호선,보문(6호선),158672,25126,143588,24152,183798,167740
202011,6호선,보문(6호선),163401,25409,148320,24583,188810,172903
202012,6호선,보문(6호선),137616,21652,126757,21118,159268,147875
202001,우이신설선,보문(우이신설),29432,15323,29458,15791,44755,45249
202002,우이신설선,보문(우이신설),25341,11802,25949,12573,37143,38522
202003,우이신설선,보문(우이신설),22389,9865,22722,10563,32254,33285
202004,우이신설선,보문(우이신설),23184,11302,23170,11781,34486,34951
202005,우이신설선,보문(우이신설),24981,13017,25213,13430,37998,38643
202006,우이신설선,보문(우이신설),26516,12873,26745,13153,39389,39898
202007,우이신설선,보문(우이신설),27950,13482,28102,13832,41432,41934
202008,우이신설선,보문(우이신설),23231,11450,23390,11696,34681,35086
202009,우이신설선,보문(우이신설),22872,11509,22644,11968,34381,34612
202010,우이신설선,보문(우이신설),25415,12803,25390,13283,38218,38673
202011,우이신설선,보문(우이신설),26362,12808,26408,13063,39170,39471
202012,우이신설선,보문(우이신설),22962,10947,23122,11488,33909,34610
202001,경원선,보산,38321,13036,36683,11958,51357,48641
202002,경원선,보산,31792,10146,30149,9444,41938,39593
202003,경원선,보산,24540,9473,21915,8996,34013,30911
202004,경원선,보산,23292,10053,20687,9613,33345,30300
202005,경원선,보산,30774,11842,27578,11389,42616,38967
202006,경원선,보산,34606,11540,31653,10972,46146,42625
202007,경원선,보산,35793,11913,32662,11496,47706,44158
202008,경원선,보산,29231,10309,26668,9828,39540,36496
202009,경원선,보산,26600,10940,24638,10401,37540,35039
202010,경원선,보산,34513,12014,30778,11439,46527,42217
202011,경원선,보산,32951,11357,30621,10844,44308,41465
202012,경원선,보산,26062,9956,24445,9414,36018,33859
202001,분당선,보정,52632,23332,43132,22043,75964,65175
202002,분당선,보정,44015,15214,36199,14549,59229,50748
202003,분당선,보정,34723,9385,27977,9229,44108,37206
202004,분당선,보정,37857,11715,30820,11307,49572,42127
202005,분당선,보정,42461,15741,34785,15077,58202,49862
202006,분당선,보정,47673,16241,38356,15497,63914,53853
202007,분당선,보정,51786,17292,41279,16614,69078,57893
202008,분당선,보정,39430,13429,31549,12842,52859,44391
202009,분당선,보정,37976,12892,31406,12317,50868,43723
202010,분당선,보정,45391,17048,37534,16192,62439,53726
202011,분당선,보정,46609,16611,38756,15761,63220,54517
202012,분당선,보정,36278,11936,30650,11150,48214,41800
202001,8호선,복정(8호선),260325,45044,216228,40931,305369,257159
202002,8호선,복정(8호선),226608,33160,191201,30933,259768,222134
202003,8호선,복정(8호선),189596,26465,160490,24363,216061,184853
202004,8호선,복정(8호선),200824,30146,170604,27675,230970,198279
202005,8호선,복정(8호선),219394,36618,188867,34255,256012,223122
202006,8호선,복정(8호선),237687,36357,202137,34073,274044,236210
202007,8호선,복정(8호선),248761,38257,211860,35675,287018,247535
202008,8호선,복정(8호선),201960,31239,174504,28993,233199,203497
202009,8호선,복정(8호선),193498,30631,167489,28072,224129,195561
202010,8호선,복정(8호선),231801,37578,196828,34679,269379,231507
202011,8호선,복정(8호선),240510,37781,202829,34522,278291,237351
202012,8호선,복정(8호선),192955,31072,168806,28170,224027,196976
202001,분당선,복정(분당선),13,0,0,0,13,0
202002,분당선,복정(분당선),11,1,0,0,12,0
202003,분당선,복정(분당선),6,1,0,0,7,0
202004,분당선,복정(분당선),10,0,0,0,10,0
202005,분당선,복정(분당선),10,0,0,0,10,0
202006,분당선,복정(분당선),15,1,0,0,16,0
202007,분당선,복정(분당선),13,1,0,0,14,0
202008,분당선,복정(분당선),14,1,0,0,15,0
202009,분당선,복정(분당선),7,0,0,0,7,0
202010,분당선,복정(분당선),5,1,0,0,6,0
202011,분당선,복정(분당선),18,0,0,0,18,0
202012,분당선,복정(분당선),7,1,0,0,8,0
202001,장항선,봉명,23308,11781,22989,11248,35089,34237
202002,장항선,봉명,18391,8136,17895,7776,26527,25671
202003,장항선,봉명,14491,6037,13816,5796,20528,19612
202004,장항선,봉명,16677,7671,15813,7414,24348,23227
202005,장항선,봉명,19469,8827,18518,8643,28296,27161
202006,장항선,봉명,21456,8932,20490,8565,30388,29055
202007,장항선,봉명,23349,9883,22241,9548,33232,31789
202008,장항선,봉명,19067,8105,18433,7813,27172,26246
202009,장항선,봉명,17266,7486,16707,7244,24752,23951
202010,장항선,봉명,20502,9091,19844,8630,29593,28474
202011,장항선,봉명,20777,8474,20337,8157,29251,28494
202012,장항선,봉명,19164,7585,18655,7398,26749,26053
202001,9호선2~3단계,봉은사,473503,48403,476929,45885,521906,522814
202002,9호선2~3단계,봉은사,371804,33710,374838,31856,405514,406694
202003,9호선2~3단계,봉은사,273277,23191,275077,21921,296468,296998
202004,9호선2~3단계,봉은사,286951,26363,290811,24941,313314,315752
202005,9호선2~3단계,봉은사,328970,33174,332583,31670,362144,364253
202006,9호선2~3단계,봉은사,371017,34335,377970,32871,405352,410841
202007,9호선2~3단계,봉은사,408497,36759,419253,34982,445256,454235
202008,9호선2~3단계,봉은사,351717,31862,358717,29702,383579,388419
202009,9호선2~3단계,봉은사,283074,26204,285946,24684,309278,310630
202010,9호선2~3단계,봉은사,337756,32530,346018,30817,370286,376835
202011,9호선2~3단계,봉은사,373290,34311,381820,32396,407601,414216
202012,9호선2~3단계,봉은사,287657,26702,288713,25310,314359,314023
202001,2호선,봉천,574004,147095,518833,148462,721099,667295
202002,2호선,봉천,516012,119128,467536,120519,635140,588055
202003,2호선,봉천,451032,92350,409768,94307,543382,504075
202004,2호선,봉천,469912,105383,421275,106512,575295,527787
202005,2호선,봉천,501377,123118,451329,124243,624495,575572
202006,2호선,봉천,527240,117511,470628,118855,644751,589483
202007,2호선,봉천,559943,121917,496491,122384,681860,618875
202008,2호선,봉천,481841,109129,433715,109360,590970,543075
202009,2호선,봉천,457479,105397,411780,105909,562876,517689
202010,2호선,봉천,505613,118070,452004,117708,623683,569712
202011,2호선,봉천,517380,117347,463785,117122,634727,580907
202012,2호선,봉천,437363,99677,403719,100404,537040,504123
202001,6호선,봉화산(서울의료원),228196,51059,204401,49671,279255,254072
202002,6호선,봉화산(서울의료원),198591,38290,176780,37225,236881,214005
202003,6호선,봉화산(서울의료원),171621,30452,153659,29612,202073,183271
202004,6호선,봉화산(서울의료원),174256,34376,155194,33585,208632,188779
202005,6호선,봉화산(서울의료원),184129,40676,165163,39174,224805,204337
202006,6호선,봉화산(서울의료원),195421,40665,174786,39111,236086,213897
202007,6호선,봉화산(서울의료원),207391,43123,185445,41872,250514,227317
202008,6호선,봉화산(서울의료원),172001,35683,155302,34661,207684,189963
202009,6호선,봉화산(서울의료원),165294,35466,149298,34501,200760,183799
202010,6호선,봉화산(서울의료원),184163,40985,165278,40508,225148,205786
202011,6호선,봉화산(서울의료원),189555,39606,172094,38797,229161,210891
202012,6호선,봉화산(서울의료원),159823,32941,149109,32561,192764,181670
202001,경인선,부개,201835,62844,185294,61633,264679,246927
202002,경인선,부개,169044,46455,156883,45689,215499,202572
202003,경인선,부개,145709,37368,135498,37189,183077,172687
202004,경인선,부개,152993,43942,142154,43438,196935,185592
202005,경인선,부개,162695,50962,150407,50127,213657,200534
202006,경인선,부개,170239,48882,158405,47764,219121,206169
202007,경인선,부개,184193,52725,170678,51378,236918,222056
202008,경인선,부개,154779,45907,143983,44847,200686,188830
202009,경인선,부개,149229,45321,138980,44491,194550,183471
202010,경인선,부개,170303,52070,156126,50933,222373,207059
202011,경인선,부개,170530,50007,158642,49168,220537,207810
202012,경인선,부개,144432,42171,136167,41858,186603,178025
202001,경강선,부발,49067,6438,44975,6271,55505,51246
202002,경강선,부발,38030,4526,35886,4471,42556,40357
202003,경강선,부발,31424,3715,30912,3793,35139,34705
202004,경강선,부발,37067,4712,35176,4688,41779,39864
202005,경강선,부발,40275,5696,39981,5605,45971,45586
202006,경강선,부발,41072,5585,39407,5643,46657,45050
202007,경강선,부발,44067,5766,42236,5746,49833,47982
202008,경강선,부발,33686,4373,32453,4324,38059,36777
202009,경강선,부발,36374,5028,34326,5007,41402,39333
202010,경강선,부발,44069,6645,42708,6706,50714,49414
202011,경강선,부발,46070,5684,44937,5762,51754,50699
202012,경강선,부발,36233,4308,33431,4294,40541,37725
202001,경인선,부천,908236,210890,923374,213596,1119126,1136970
202002,경인선,부천,699027,143317,702476,144503,842344,846979
202003,경인선,부천,628357,122988,632336,123878,751345,756214
202004,경인선,부천,664138,144524,675318,146127,808662,821445
202005,경인선,부천,717960,165875,726686,167770,883835,894456
202006,경인선,부천,709638,157717,713335,160131,867355,873466
202007,경인선,부천,771224,177065,777287,179768,948289,957055
202008,경인선,부천,666993,156371,672119,158655,823364,830774
202009,경인선,부천,622028,151901,628835,154445,773929,783280
202010,경인선,부천,727201,171268,735516,173278,898469,908794
202011,경인선,부천,725635,165116,732718,167116,890751,899834
202012,경인선,부천,601331,142126,608206,143633,743457,751839
202001,7호선,부천시청,315757,51640,315815,50029,367397,365844
202002,7호선,부천시청,261287,38039,261844,36550,299326,298394
202003,7호선,부천시청,230935,32350,230221,31087,263285,261308
202004,7호선,부천시청,242997,36747,238578,35247,279744,273825
202005,7호선,부천시청,251305,41183,245335,39482,292488,284817
202006,7호선,부천시청,262820,40794,257668,39320,303614,296988
202007,7호선,부천시청,288154,45862,283408,43682,334016,327090
202008,7호선,부천시청,246947,40298,243130,38597,287245,281727
202009,7호선,부천시청,236443,39316,235438,37916,275759,273354
202010,7호선,부천시청,272433,44846,272422,43455,317279,315877
202011,7호선,부천시청,275899,43629,276009,42038,319528,318047
202012,7호선,부천시청,233044,36900,233788,35705,269944,269493
202001,7호선,부천종합운동장,116021,16516,95670,16060,132537,111730
202002,7호선,부천종합운동장,100006,13056,82622,12810,113062,95432
202003,7호선,부천종합운동장,89628,14040,76095,14475,103668,90570
202004,7호선,부천종합운동장,91041,14287,77258,14422,105328,91680
202005,7호선,부천종합운동장,94697,15505,80093,15330,110202,95423
202006,7호선,부천종합운동장,100253,15060,84339,14944,115313,99283
202007,7호선,부천종합운동장,106718,16059,89851,15825,122777,105676
202008,7호선,부천종합운동장,87587,13501,73843,13270,101088,87113
202009,7호선,부천종합운동장,86800,14135,73976,14022,100935,87998
202010,7호선,부천종합운동장,97839,16786,83303,16535,114625,99838
202011,7호선,부천종합운동장,98228,15223,83357,14964,113451,98321
202012,7호선,부천종합운동장,87696,13257,75655,13198,100953,88853
202001,경인선,부평,927140,142262,1016191,146422,1069402,1162613
202002,경인선,부평,726378,104173,791389,105675,830551,897064
202003,경인선,부평,575755,83520,614726,83298,659275,698024
202004,경인선,부평,642934,97987,703840,98733,740921,802573
202005,경인선,부평,690595,113128,752294,115263,803723,867557
202006,경인선,부평,677248,108007,735719,109734,785255,845453
202007,경인선,부평,755390,118100,826080,120183,873490,946263
202008,경인선,부평,649435,103606,702479,105450,753041,807929
202009,경인선,부평,585619,98226,633209,100373,683845,733582
202010,경인선,부평,708597,114708,781860,115818,823305,897678
202011,경인선,부평,692231,112782,753326,114387,805013,867713
202012,경인선,부평,557286,97061,593221,98815,654347,692036
202001,7호선,부평구청,309655,30964,248756,28410,340619,277166
202002,7호선,부평구청,269292,22773,217512,21051,292065,238563
202003,7호선,부평구청,237595,18136,192650,16243,255731,208893
202004,7호선,부평구청,243829,20811,195998,18469,264640,214467
202005,7호선,부평구청,253810,24388,204228,21367,278198,225595
202006,7호선,부평구청,266834,23812,214733,20618,290646,235351
202007,7호선,부평구청,289256,26723,231076,23472,315979,254548
202008,7호선,부평구청,240543,22744,195780,20210,263287,215990
202009,7호선,부평구청,235181,21730,193317,18863,256911,212180
202010,7호선,부평구청,261657,25691,211942,22397,287348,234339
202011,7호선,부평구청,271128,25625,220169,22273,296753,242442
202012,7호선,부평구청,230110,21009,192055,19031,251119,211086
202001,우이신설선,북한산보국문,129018,40938,115878,41215,169956,157093
202002,우이신설선,북한산보국문,110302,31739,101322,32796,142041,134118
202003,우이신설선,북한산보국문,96166,26475,89219,27430,122641,116649
202004,우이신설선,북한산보국문,100404,30070,92035,30669,130474,122704
202005,우이신설선,북한산보국문,109563,35646,100476,36207,145209,136683
202006,우이신설선,북한산보국문,118712,33642,108985,34566,152354,143551
202007,우이신설선,북한산보국문,124175,35280,112931,36035,159455,148966
202008,우이신설선,북한산보국문,99743,29250,91122,30183,128993,121305
202009,우이신설선,북한산보국문,99639,30094,91881,30726,129733,122607
202010,우이신설선,북한산보국문,116854,36119,106594,36756,152973,143350
202011,우이신설선,북한산보국문,118264,35315,108174,36224,153579,144398
202012,우이신설선,북한산보국문,97485,29296,93904,30433,126781,124337
202001,우이신설선,북한산우이,46677,33899,39796,34243,80576,74039
202002,우이신설선,북한산우이,39915,25573,33182,26458,65488,59640
202003,우이신설선,북한산우이,40368,21687,35382,23372,62055,58754
202004,우이신설선,북한산우이,47168,28452,43459,30188,75620,73647
202005,우이신설선,북한산우이,48609,31516,44646,33091,80125,77737
202006,우이신설선,북한산우이,49112,29308,44511,30374,78420,74885
202007,우이신설선,북한산우이,51902,32151,47862,33413,84053,81275
202008,우이신설선,북한산우이,39786,25997,36077,26949,65783,63026
202009,우이신설선,북한산우이,43417,26078,39325,27508,69495,66833
202010,우이신설선,북한산우이,57590,34123,52126,35416,91713,87542
202011,우이신설선,북한산우이,48627,28594,42309,29574,77221,71883
202012,우이신설선,북한산우이,36949,23077,31672,24473,60026,56145
202001,3호선,불광(3호선),368053,140946,402467,156266,508999,558733
202002,3호선,불광(3호선),318698,103723,345685,114581,422421,460266
202003,3호선,불광(3호선),275318,84170,299017,93009,359488,392026
202004,3호선,불광(3호선),289155,97399,315065,108406,386554,423471
202005,3호선,불광(3호선),314797,115283,343165,127493,430080,470658
202006,3호선,불광(3호선),328054,110844,352248,123222,438898,475470
202007,3호선,불광(3호선),341401,116507,364469,128954,457908,493423
202008,3호선,불광(3호선),288032,98729,309462,108795,386761,418257
202009,3호선,불광(3호선),279850,99915,301833,110375,379765,412208
202010,3호선,불광(3호선),321750,116065,351135,128266,437815,479401
202011,3호선,불광(3호선),324475,111636,347655,122950,436111,470605
202012,3호선,불광(3호선),271321,93050,291596,102082,364371,393678
202001,6호선,불광(6호선),104734,39879,107617,32589,144613,140206
202002,6호선,불광(6호선),88552,29479,91828,24529,118031,116357
202003,6호선,불광(6호선),76349,24766,80924,21225,101115,102149
202004,6호선,불광(6호선),80182,29783,85619,25349,109965,110968
202005,6호선,불광(6호선),85762,35274,92151,29901,121036,122052
202006,6호선,불광(6호선),89488,35490,96018,30317,124978,126335
202007,6호선,불광(6호선),95367,37398,100508,31879,132765,132387
202008,6호선,불광(6호선),84164,32454,87486,27290,116618,114776
202009,6호선,불광(6호선),78067,31129,83478,26476,109196,109954
202010,6호선,불광(6호선),88712,34214,94209,29167,122926,123376
202011,6호선,불광(6호선),87588,33083,92632,28251,120671,120883
202012,6호선,불광(6호선),73726,27528,78012,23798,101254,101810
202001,7호선,사가정,367237,93860,363846,92751,461097,456597
202002,7호선,사가정,325846,73595,323483,74294,399441,397777
202003,7호선,사가정,294674,64607,294964,65319,359281,360283
202004,7호선,사가정,303951,73789,300349,73914,377740,374263
202005,7호선,사가정,326751,84574,324060,83992,411325,408052
202006,7호선,사가정,337220,81948,334874,81577,419168,416451
202007,7호선,사가정,354590,85518,350152,85784,440108,435936
202008,7호선,사가정,309277,73382,306184,73359,382659,379543
202009,7호선,사가정,303564,74117,300643,73409,377681,374052
202010,7호선,사가정,346903,84822,340445,84134,431725,424579
202011,7호선,사가정,350449,81672,346372,81306,432121,427678
202012,7호선,사가정,306462,68969,307064,69456,375431,376520
202001,2호선,사당,1020614,195128,1149116,184088,1215742,1333204
202002,2호선,사당,859664,135476,957293,129715,995140,1087008
202003,2호선,사당,703671,104865,780152,101446,808536,881598
202004,2호선,사당,755816,121440,847268,117937,877256,965205
202005,2호선,사당,821322,150681,930841,146335,972003,1077176
202006,2호선,사당,853153,147229,960393,142626,1000382,1103019
202007,2호선,사당,922971,156467,1046707,151658,1079438,1198365
202008,2호선,사당,756151,128454,851372,124855,884605,976227
202009,2호선,사당,688562,120338,766018,116623,808900,882641
202010,2호선,사당,826657,150530,943727,146356,977187,1090083
202011,2호선,사당,831809,147808,950225,142005,979617,1092230
202012,2호선,사당,632606,113364,701380,109488,745970,810868
202001,4호선,사당,732431,89569,618234,91337,822000,709571
202002,4호선,사당,607271,63455,514563,62289,670726,576852
202003,4호선,사당,490590,49278,417028,46934,539868,463962
202004,4호선,사당,526619,58257,447706,56341,584876,504047
202005,4호선,사당,580911,72068,494621,70449,652979,565070
202006,4호선,사당,594660,69634,509183,67990,664294,577173
202007,4호선,사당,647181,74085,550186,72503,721266,622689
202008,4호선,사당,527736,60855,445395,58683,588591,504078
202009,4호선,사당,477879,56817,404027,54491,534696,458518
202010,4호선,사당,583049,71775,499243,71127,654824,570370
202011,4호선,사당,591350,69380,499107,68731,660730,567838
202012,4호선,사당,446561,53116,371210,51091,499677,422301
202001,경춘선,사릉,75433,19213,70692,18656,94646,89348
202002,경춘선,사릉,65023,14398,61632,14444,79421,76076
202003,경춘선,사릉,58619,12720,55870,13181,71339,69051
202004,경춘선,사릉,61334,15896,57416,15802,77230,73218
202005,경춘선,사릉,67750,18154,63775,18099,85904,81874
202006,경춘선,사릉,73058,17207,68314,17226,90265,85540
202007,경춘선,사릉,77005,18354,71265,18167,95359,89432
202008,경춘선,사릉,63336,15475,59119,15404,78811,74523
202009,경춘선,사릉,62810,16562,59590,16454,79372,76044
202010,경춘선,사릉,73609,18644,68163,18605,92253,86768
202011,경춘선,사릉,73385,17453,68426,17283,90838,85709
202012,경춘선,사릉,59940,14061,58025,14191,74001,72216
202009,수인선,사리,41005,8727,39702,8455,49732,48157
202010,수인선,사리,76398,13306,69292,12548,89704,81840
202011,수인선,사리,77405,12122,71346,11636,89527,82982
202012,수인선,사리,64319,9804,59881,9522,74123,69403
202001,9호선,사평,75540,16398,73181,16612,91938,89793
202002,9호선,사평,59446,11877,58888,11934,71323,70822
202003,9호선,사평,44048,8888,43601,8831,52936,52432
202004,9호선,사평,49251,10567,47056,10432,59818,57488
202005,9호선,사평,56934,13081,54538,13142,70015,67680
202006,9호선,사평,63298,13702,60988,13721,77000,74709
202007,9호선,사평,69903,14696,66736,14802,84599,81538
202008,9호선,사평,59891,12449,57810,12538,72340,70348
202009,9호선,사평,52430,12028,50917,12230,64458,63147
202010,9호선,사평,60523,13960,57954,14134,74483,72088
202011,9호선,사평,63128,14295,60888,14435,77423,75323
202012,9호선,사평,50724,11788,50845,11739,62512,62584
202001,안산선,산본,420137,103261,453843,104518,523398,558361
202002,안산선,산본,349781,71884,378251,73417,421665,451668
202003,안산선,산본,302357,56973,325490,58215,359330,383705
202004,안산선,산본,318547,66858,341048,67295,385405,408343
202005,안산선,산본,342160,80025,366744,80624,422185,447368
202006,안산선,산본,348811,77385,374710,78227,426196,452937
202007,안산선,산본,372266,81574,400876,83181,453840,484057
202008,안산선,산본,307092,68191,331573,70016,375283,401589
202009,안산선,산본,289849,66002,312969,67210,355851,380179
202010,안산선,산본,338991,80516,367514,81710,419507,449224
202011,안산선,산본,340902,78005,368918,79265,418907,448183
202012,안산선,산본,276286,62915,295828,63095,339201,358923
202001,8호선,산성,126030,31791,120093,33963,157821,154056
202002,8호선,산성,109609,25191,105072,27389,134800,132461
202003,8호선,산성,96302,22015,93016,24493,118317,117509
202004,8호선,산성,100902,24919,95897,27488,125821,123385
202005,8호선,산성,112708,28794,107044,31575,141502,138619
202006,8호선,산성,119908,27797,114577,30827,147705,145404
202007,8호선,산성,118248,28574,113168,31851,146822,145019
202008,8호선,산성,113831,27376,109150,30036,141207,139186
202009,8호선,산성,124974,30922,121239,34083,155896,155322
202010,8호선,산성,157400,37096,149908,40509,194496,190417
202011,8호선,산성,155019,35254,148213,37972,190273,186185
202012,8호선,산성,124206,28976,122062,31879,153182,153941
202001,4호선,삼각지(4호선),113169,25308,133515,26971,138477,160486
202002,4호선,삼각지(4호선),100578,19023,114953,20060,119601,135013
202003,4호선,삼각지(4호선),85079,15003,94168,15484,100082,109652
202004,4호선,삼각지(4호선),85579,16784,96780,17329,102363,114109
202005,4호선,삼각지(4호선),90617,19644,102307,20481,110261,122788
202006,4호선,삼각지(4호선),98071,20438,109938,21244,118509,131182
202007,4호선,삼각지(4호선),103656,21273,118017,22032,124929,140049
202008,4호선,삼각지(4호선),85836,17844,97634,18414,103680,116048
202009,4호선,삼각지(4호선),80961,16846,90884,17358,97807,108242
202010,4호선,삼각지(4호선),90866,19417,107860,20619,110283,128479
202011,4호선,삼각지(4호선),94118,20004,110885,20926,114122,131811
202012,4호선,삼각지(4호선),78244,15940,86880,16319,94184,103199
202001,6호선,삼각지(6호선),169204,17620,142396,14165,186824,156561
202002,6호선,삼각지(6호선),139883,12941,120703,10528,152824,131231
202003,6호선,삼각지(6호선),113259,10111,97362,7896,123370,105258
202004,6호선,삼각지(6호선),117048,11157,100520,8694,128205,109214
202005,6호선,삼각지(6호선),123161,12677,105368,9990,135838,115358
202006,6호선,삼각지(6호선),131528,13515,113526,10920,145043,124446
202007,6호선,삼각지(6호선),140382,14012,120841,11322,154394,132163
202008,6호선,삼각지(6호선),115093,11489,99464,9430,126582,108894
202009,6호선,삼각지(6호선),107832,11005,92537,8900,118837,101437
202010,6호선,삼각지(6호선),130725,13460,112408,11063,144185,123471
202011,6호선,삼각지(6호선),133037,13915,114388,11659,146952,126047
202012,6호선,삼각지(6호선),102745,10869,90769,9198,113614,99967
202001,경강선,삼동,53058,10477,45421,10161,63535,55582
202002,경강선,삼동,46988,8408,40932,8336,55396,49268
202003,경강선,삼동,37996,6750,34405,6709,44746,41114
202004,경강선,삼동,41001,7723,36033,7634,48724,43667
202005,경강선,삼동,44957,8854,40147,8668,53811,48815
202006,경강선,삼동,49698,8949,44288,8940,58647,53228
202007,경강선,삼동,53422,9606,47381,9276,63028,56657
202008,경강선,삼동,43346,8144,38824,7946,51490,46770
202009,경강선,삼동,41234,8206,37204,7839,49440,45043
202010,경강선,삼동,48863,9563,43021,9431,58426,52452
202011,경강선,삼동,50418,9275,44760,9138,59693,53898
202012,경강선,삼동,40552,7915,37685,7945,48467,45630
202001,7호선,삼산체육관,122672,25695,109813,24580,148367,134393
202002,7호선,삼산체육관,100881,17829,89105,17310,118710,106415
202003,7호선,삼산체육관,86165,13095,75135,12700,99260,87835
202004,7호선,삼산체육관,90589,15633,79248,15072,106222,94320
202005,7호선,삼산체육관,95322,18821,83548,18123,114143,101671
202006,7호선,삼산체육관,100407,17659,88609,17143,118066,105752
202007,7호선,삼산체육관,109470,20375,95761,19426,129845,115187
202008,7호선,삼산체육관,89826,17113,79906,16479,106939,96385
202009,7호선,삼산체육관,86222,16545,77309,16219,102767,93528
202010,7호선,삼산체육관,101161,20282,89916,19462,121443,109378
202011,7호선,삼산체육관,103848,19663,93123,18672,123511,111795
202012,7호선,삼산체육관,85358,15478,76781,14786,100836,91567
202001,2호선,삼성(무역센터),1540362,116956,1571611,109867,1657318,1681478
202002,2호선,삼성(무역센터),1246045,90557,1280831,84373,1336602,1365204
202003,2호선,삼성(무역센터),942559,71265,972939,64794,1013824,1037733
202004,2호선,삼성(무역센터),992254,75529,1023566,68921,1067783,1092487
202005,2호선,삼성(무역센터),1101158,89028,1134977,82495,1190186,1217472
202006,2호선,삼성(무역센터),1243867,96266,1288854,88767,1340133,1377621
202007,2호선,삼성(무역센터),1351862,101946,1395918,93594,1453808,1489512
202008,2호선,삼성(무역센터),1118348,84380,1147652,77218,1202728,1224870
202009,2호선,삼성(무역센터),952461,76061,973589,68815,1028522,1042404
202010,2호선,삼성(무역센터),1112181,87837,1143465,80784,1200018,1224249
202011,2호선,삼성(무역센터),1201492,92887,1236299,85746,1294379,1322045
202012,2호선,삼성(무역센터),936291,78989,946974,71334,1015280,1018308
202001,9호선2~3단계,삼성중앙,152349,22387,157562,22380,174736,179942
202002,9호선2~3단계,삼성중앙,136953,16626,143091,16517,153579,159608
202003,9호선2~3단계,삼성중앙,114702,13102,119748,12895,127804,132643
202004,9호선2~3단계,삼성중앙,120662,13961,124851,13767,134623,138618
202005,9호선2~3단계,삼성중앙,129467,16690,133405,16521,146157,149926
202006,9호선2~3단계,삼성중앙,144640,17640,150997,17344,162280,168341
202007,9호선2~3단계,삼성중앙,158138,18964,164987,18672,177102,183659
202008,9호선2~3단계,삼성중앙,129614,16054,136159,15885,145668,152044
202009,9호선2~3단계,삼성중앙,120928,15573,125373,15070,136501,140443
202010,9호선2~3단계,삼성중앙,135307,17556,142548,17251,152863,159799
202011,9호선2~3단계,삼성중앙,143178,18118,150253,18050,161296,168303
202012,9호선2~3단계,삼성중앙,120987,15505,124565,15427,136492,139992
202001,일산선,삼송,442683,91627,418076,90697,534310,508773
202002,일산선,삼송,365141,67850,347223,67691,432991,414914
202003,일산선,삼송,316672,57415,301025,57391,374087,358416
202004,일산선,삼송,338220,66599,320190,66473,404819,386663
202005,일산선,삼송,370649,79838,353654,79508,450487,433162
202006,일산선,삼송,391314,78368,374376,77907,469682,452283
202007,일산선,삼송,413611,81906,394894,81531,495517,476425
202008,일산선,삼송,342347,68493,330176,68213,410840,398389
202009,일산선,삼송,328910,70074,318723,70235,398984,388958
202010,일산선,삼송,388393,80682,369668,80210,469075,449878
202011,일산선,삼송,389585,78055,374122,77945,467640,452067
202012,일산선,삼송,323630,64541,321125,65036,388171,386161
202001,우이신설선,삼양,31860,26306,33081,28911,58166,61992
202002,우이신설선,삼양,27809,20507,29674,23236,48316,52910
202003,우이신설선,삼양,25368,18205,26548,20567,43573,47115
202004,우이신설선,삼양,26089,20682,27511,23029,46771,50540
202005,우이신설선,삼양,28077,26362,28847,28691,54439,57538
202006,우이신설선,삼양,29190,22980,29961,25581,52170,55542
202007,우이신설선,삼양,31275,23788,31554,26392,55063,57946
202008,우이신설선,삼양,25679,20191,26223,22269,45870,48492
202009,우이신설선,삼양,25449,20365,26815,22668,45814,49483
202010,우이신설선,삼양,28770,22947,29054,25393,51717,54447
202011,우이신설선,삼양,29234,23389,29822,25257,52623,55079
202012,우이신설선,삼양,25426,19996,27673,22558,45422,50231
202001,우이신설선,삼양사거리,36339,34788,37015,35563,71127,72578
202002,우이신설선,삼양사거리,31650,27385,32127,28336,59035,60463
202003,우이신설선,삼양사거리,27955,23510,28436,24186,51465,52622
202004,우이신설선,삼양사거리,29363,26671,29346,27143,56034,56489
202005,우이신설선,삼양사거리,31474,30236,31472,30809,61710,62281
202006,우이신설선,삼양사거리,33600,29597,33467,30221,63197,63688
202007,우이신설선,삼양사거리,35726,31171,35543,31953,66897,67496
202008,우이신설선,삼양사거리,29957,26908,29640,27534,56865,57174
202009,우이신설선,삼양사거리,28146,27034,28819,27742,55180,56561
202010,우이신설선,삼양사거리,31906,30658,31737,30921,62564,62658
202011,우이신설선,삼양사거리,32460,29821,32732,30429,62281,63161
202012,우이신설선,삼양사거리,28291,25635,29151,26361,53926,55512
202001,9호선2~3단계,삼전,144443,32071,141975,31322,176514,173297
202002,9호선2~3단계,삼전,130262,25600,127786,24667,155862,152453
202003,9호선2~3단계,삼전,115677,20448,112623,20079,136125,132702
202004,9호선2~3단계,삼전,120224,22734,116678,22432,142958,139110
202005,9호선2~3단계,삼전,128464,26630,125105,26162,155094,151267
202006,9호선2~3단계,삼전,135207,27089,132470,26533,162296,159003
202007,9호선2~3단계,삼전,143388,28693,139576,27927,172081,167503
202008,9호선2~3단계,삼전,126038,25048,122766,24348,151086,147114
202009,9호선2~3단계,삼전,117387,23805,113584,23270,141192,136854
202010,9호선2~3단계,삼전,132171,27581,127002,26662,159752,153664
202011,9호선2~3단계,삼전,137622,27543,132871,26662,165165,159533
202012,9호선2~3단계,삼전,118670,23285,116026,22732,141955,138758
202001,분당선,상갈,136435,32429,126572,30749,168864,157321
202002,분당선,상갈,111546,21673,104547,20909,133219,125456
202003,분당선,상갈,88176,15941,82332,15399,104117,97731
202004,분당선,상갈,95911,19226,90487,18642,115137,109129
202005,분당선,상갈,107413,24166,102591,23199,131579,125790
202006,분당선,상갈,113148,23836,107478,22822,136984,130300
202007,분당선,상갈,121638,25924,114928,24838,147562,139766
202008,분당선,상갈,98699,20783,93696,20078,119482,113774
202009,분당선,상갈,93518,20381,89537,19708,113899,109245
202010,분당선,상갈,113664,25435,109310,24595,139099,133905
202011,분당선,상갈,114863,24990,110464,23950,139853,134414
202012,분당선,상갈,91896,18901,90252,18334,110797,108586
202001,4호선,상계,471582,113417,417461,110975,584999,528436
202002,4호선,상계,408832,89276,364627,87642,498108,452269
202003,4호선,상계,360003,76546,325270,75617,436549,400887
202004,4호선,상계,370211,86309,331032,84324,456520,415356
202005,4호선,상계,398718,100669,356421,98670,499387,455091
202006,4호선,상계,416604,97295,372714,95534,513899,468248
202007,4호선,상계,444848,103625,397002,101389,548473,498391
202008,4호선,상계,370985,86855,333533,85174,457840,418707
202009,4호선,상계,352434,87097,321319,84820,439531,406139
202010,4호선,상계,401296,100459,360854,98084,501755,458938
202011,4호선,상계,408687,97796,370865,95891,506483,466756
202012,4호선,상계,344098,81546,318538,80801,425644,399339
202001,7호선,상도,263546,56811,251379,53579,320357,304958
202002,7호선,상도,223775,42648,213870,40560,266423,254430
202003,7호선,상도,189519,32617,182238,31246,222136,213484
202004,7호선,상도,198304,36580,188526,35424,234884,223950
202005,7호선,상도,214112,44248,203616,42227,258360,245843
202006,7호선,상도,226794,45078,215706,42920,271872,258626
202007,7호선,상도,241432,47524,228837,45752,288956,274589
202008,7호선,상도,207536,41716,197720,39777,249252,237497
202009,7호선,상도,198103,40686,188495,39099,238789,227594
202010,7호선,상도,218145,45603,209252,44158,263748,253410
202011,7호선,상도,228681,46223,219178,44560,274904,263738
202012,7호선,상도,190565,38545,185642,37558,229110,223200
202001,7호선,상동,361631,50233,372461,50069,411864,422530
202002,7호선,상동,296115,35714,304983,35700,331829,340683
202003,7호선,상동,246016,28424,254152,28061,274440,282213
202004,7호선,상동,262050,33563,269981,33407,295613,303388
202005,7호선,상동,278450,38747,285484,38457,317197,323941
202006,7호선,상동,280249,36350,288919,36613,316599,325532
202007,7호선,상동,313200,41267,325355,41528,354467,366883
202008,7호선,상동,265409,36909,275490,37073,302318,312563
202009,7호선,상동,241307,34768,251077,34762,276075,285839
202010,7호선,상동,284305,41239,294452,41444,325544,335896
202011,7호선,상동,291018,40863,301626,41017,331881,342643
202012,7호선,상동,230613,32680,239919,32467,263293,272386
202001,안산선,상록수,474696,79544,459692,80845,554240,540537
202002,안산선,상록수,399745,58414,389462,59469,458159,448931
202003,안산선,상록수,353157,45745,346066,47275,398902,393341
202004,안산선,상록수,367988,54734,356307,55594,422722,411901
202005,안산선,상록수,397841,66083,386700,66782,463924,453482
202006,안산선,상록수,410219,63540,398839,64583,473759,463422
202007,안산선,상록수,430195,66700,416637,67372,496895,484009
202008,안산선,상록수,366361,56486,357000,57293,422847,414293
202009,안산선,상록수,339889,52981,333160,53734,392870,386894
202010,안산선,상록수,390327,61091,379678,61984,451418,441662
202011,안산선,상록수,387948,59180,381013,60216,447128,441229
202012,안산선,상록수,315271,47607,315906,49124,362878,365030
202001,7호선,상봉(시외버스터미널) 7호선,437822,70900,417029,67997,508722,485026
202002,7호선,상봉(시외버스터미널) 7호선,391023,55317,367826,53266,446340,421092
202003,7호선,상봉(시외버스터미널) 7호선,344432,46332,323369,44668,390764,368037
202004,7호선,상봉(시외버스터미널) 7호선,355162,52451,331774,50282,407613,382056
202005,7호선,상봉(시외버스터미널) 7호선,379677,60499,357982,58166,440176,416148
202006,7호선,상봉(시외버스터미널) 7호선,391333,58005,367015,55288,449338,422303
202007,7호선,상봉(시외버스터미널) 7호선,412923,60915,389132,58494,473838,447626
202008,7호선,상봉(시외버스터미널) 7호선,352833,52145,333844,50103,404978,383947
202009,7호선,상봉(시외버스터미널) 7호선,335522,52154,316592,50392,387676,366984
202010,7호선,상봉(시외버스터미널) 7호선,382140,59819,360563,57210,441959,417773
202011,7호선,상봉(시외버스터미널) 7호선,389511,57454,367052,55062,446965,422114
202012,7호선,상봉(시외버스터미널) 7호선,331582,48646,313866,47410,380228,361276
202001,중앙선,상봉(시외버스터미널) 중앙선,141184,38580,136773,36892,179764,173665
202002,중앙선,상봉(시외버스터미널) 중앙선,120902,29446,117268,27753,150348,145021
202003,중앙선,상봉(시외버스터미널) 중앙선,107213,25132,103983,24240,132345,128223
202004,중앙선,상봉(시외버스터미널) 중앙선,113815,30511,110981,29385,144326,140366
202005,중앙선,상봉(시외버스터미널) 중앙선,125115,35457,120777,33412,160572,154189
202006,중앙선,상봉(시외버스터미널) 중앙선,128792,34250,125430,32928,163042,158358
202007,중앙선,상봉(시외버스터미널) 중앙선,136757,36294,133240,34436,173051,167676
202008,중앙선,상봉(시외버스터미널) 중앙선,115199,30186,112904,28755,145385,141659
202009,중앙선,상봉(시외버스터미널) 중앙선,109210,31593,107387,30422,140803,137809
202010,중앙선,상봉(시외버스터미널) 중앙선,127566,36130,124658,34568,163696,159226
202011,중앙선,상봉(시외버스터미널) 중앙선,125374,33676,122961,32136,159050,155097
202012,중앙선,상봉(시외버스터미널) 중앙선,103540,27112,102296,26116,130652,128412
202001,6호선,상수,270505,21726,312412,21930,292231,334342
202002,6호선,상수,226579,16713,262631,16857,243292,279488
202003,6호선,상수,173791,13150,202817,13407,186941,216224
202004,6호선,상수,177767,14932,212309,15226,192699,227535
202005,6호선,상수,180706,17478,211867,17931,198184,229798
202006,6호선,상수,194679,17606,227162,17925,212285,245087
202007,6호선,상수,214203,18693,251882,19167,232896,271049
202008,6호선,상수,182786,16171,213180,16306,198957,229486
202009,6호선,상수,153330,15852,176928,15956,169182,192884
202010,6호선,상수,185598,17655,221229,17796,203253,239025
202011,6호선,상수,189917,17519,220918,17612,207436,238530
202012,6호선,상수,144097,14243,157238,14454,158340,171692
202001,2호선,상왕십리,342945,65266,325808,65191,408211,390999
202002,2호선,상왕십리,299940,50605,284578,50671,350545,335249
202003,2호선,상왕십리,257816,40922,245374,41045,298738,286419
202004,2호선,상왕십리,267559,45823,252850,45725,313382,298575
202005,2호선,상왕십리,288421,53458,273957,53598,341879,327555
202006,2호선,상왕십리,307527,53288,292562,53122,360815,345684
202007,2호선,상왕십리,330200,56835,312923,56464,387035,369387
202008,2호선,상왕십리,276236,48873,263209,49198,325109,312407
202009,2호선,상왕십리,260078,47392,248579,47816,307470,296395
202010,2호선,상왕십리,295109,52899,280136,53026,348008,333162
202011,2호선,상왕십리,306144,53389,291777,53577,359533,345354
202012,2호선,상왕십리,252275,45333,245282,45341,297608,290623
202001,6호선,상월곡(한국과학기술연구원),143672,40534,125306,39283,184206,164589
202002,6호선,상월곡(한국과학기술연구원),122286,29880,105179,29386,152166,134565
202003,6호선,상월곡(한국과학기술연구원),108056,25283,92772,25054,133339,117826
202004,6호선,상월곡(한국과학기술연구원),111701,28840,94569,28216,140541,122785
202005,6호선,상월곡(한국과학기술연구원),121275,34093,103945,32827,155368,136772
202006,6호선,상월곡(한국과학기술연구원),129816,32673,110683,32064,162489,142747
202007,6호선,상월곡(한국과학기술연구원),135657,34331,114151,33813,169988,147964
202008,6호선,상월곡(한국과학기술연구원),111478,28690,94207,28075,140168,122282
202009,6호선,상월곡(한국과학기술연구원),110696,29433,95001,28651,140129,123652
202010,6호선,상월곡(한국과학기술연구원),124667,33697,105972,32477,158364,138449
202011,6호선,상월곡(한국과학기술연구원),129413,34049,111626,32746,163462,144372
202012,6호선,상월곡(한국과학기술연구원),109044,28557,95534,27792,137601,123326
202001,5호선,상일동,355884,81468,297774,77289,437352,375063
202002,5호선,상일동,324815,63888,272453,60721,388703,333174
202003,5호선,상일동,309812,55558,262854,53125,365370,315979
202004,5호선,상일동,341924,66311,288457,62923,408235,351380
202005,5호선,상일동,377277,79412,318791,75517,456689,394308
202006,5호선,상일동,412634,78990,346630,75081,491624,421711
202007,5호선,상일동,437800,85194,366581,80327,522994,446908
202008,5호선,상일동,310659,62761,266529,59623,373420,326152
202009,5호선,상일동,277978,59727,241992,55812,337705,297804
202010,5호선,상일동,321549,70015,276514,65749,391564,342263
202011,5호선,상일동,334254,71097,293395,67188,405351,360583
202012,5호선,상일동,276158,59240,250760,56474,335398,307234
202001,경춘선,상천,4430,3581,3868,3447,8011,7315
202002,경춘선,상천,3514,2644,3103,2523,6158,5626
202003,경춘선,상천,3929,3336,3113,3175,7265,6288
202004,경춘선,상천,5897,5629,4787,5449,11526,10236
202005,경춘선,상천,5715,5536,4893,5401,11251,10294
202006,경춘선,상천,5217,4553,4471,4486,9770,8957
202007,경춘선,상천,5138,4225,4372,4190,9363,8562
202008,경춘선,상천,3560,3053,3140,3047,6613,6187
202009,경춘선,상천,4571,5093,3722,5089,9664,8811
202010,경춘선,상천,6170,6028,4849,5888,12198,10737
202011,경춘선,상천,4146,3831,3581,3817,7977,7398
202012,경춘선,상천,3058,2476,2726,2423,5534,5149
202001,6호선,새절(신사),298308,85532,277645,86600,383840,364245
202002,6호선,새절(신사),262082,66274,242176,67220,328356,309396
202003,6호선,새절(신사),228620,53333,209501,54304,281953,263805
202004,6호선,새절(신사),237243,61714,217293,62844,298957,280137
202005,6호선,새절(신사),253487,72503,233373,72846,325990,306219
202006,6호선,새절(신사),269681,71204,246863,71430,340885,318293
202007,6호선,새절(신사),282043,75116,256649,75090,357159,331739
202008,6호선,새절(신사),238026,63713,218540,63977,301739,282517
202009,6호선,새절(신사),228254,63375,209654,63910,291629,273564
202010,6호선,새절(신사),258731,73738,235298,73904,332469,309202
202011,6호선,새절(신사),265611,71502,242690,71543,337113,314233
202012,6호선,새절(신사),224861,58534,208456,58948,283395,267404
202001,9호선,샛강,124862,26870,132941,26628,151732,159569
202002,9호선,샛강,108630,19666,115796,19557,128296,135353
202003,9호선,샛강,91993,15081,96871,14568,107074,111439
202004,9호선,샛강,97458,16616,102230,16019,114074,118249
202005,9호선,샛강,103862,20801,109180,20430,124663,129610
202006,9호선,샛강,113371,19547,119919,19432,132918,139351
202007,9호선,샛강,123244,21314,132645,21211,144558,153856
202008,9호선,샛강,105273,17522,113611,17435,122795,131046
202009,9호선,샛강,94178,16666,99745,16269,110844,116014
202010,9호선,샛강,106089,19179,113564,19033,125268,132597
202011,9호선,샛강,114550,19595,120876,19369,134145,140245
202012,9호선,샛강,95709,15968,99667,15504,111677,115171
202001,경의선,서강대,54732,10476,53931,9872,65208,63803
202002,경의선,서강대,44169,7839,43718,7495,52008,51213
202003,경의선,서강대,34471,6546,33606,6179,41017,39785
202004,경의선,서강대,37814,7641,36670,7297,45455,43967
202005,경의선,서강대,42167,8870,41166,8336,51037,49502
202006,경의선,서강대,44898,8990,43590,8578,53888,52168
202007,경의선,서강대,49767,9562,47791,9038,59329,56829
202008,경의선,서강대,41654,8126,39870,7701,49780,47571
202009,경의선,서강대,37480,7883,35152,7533,45363,42685
202010,경의선,서강대,45613,9060,44475,8547,54673,53022
202011,경의선,서강대,45777,8701,44411,8255,54478,52666
202012,경의선,서강대,36404,7105,34320,6730,43509,41050
202001,5호선,서대문,432122,69056,445713,65799,501178,511512
202002,5호선,서대문,378226,51407,390833,49264,429633,440097
202003,5호선,서대문,324045,41438,336077,39070,365483,375147
202004,5호선,서대문,325940,44646,339488,42012,370586,381500
202005,5호선,서대문,345598,52058,356381,49102,397656,405483
202006,5호선,서대문,385502,53285,397854,50058,438787,447912
202007,5호선,서대문,402629,55339,416164,51873,457968,468037
202008,5호선,서대문,327687,47680,336469,44383,375367,380852
202009,5호선,서대문,315889,44705,323299,41968,360594,365267
202010,5호선,서대문,353604,52380,362778,49183,405984,411961
202011,5호선,서대문,377097,53418,387315,50507,430515,437822
202012,5호선,서대문,329939,45748,338711,42993,375687,381704
202001,경부선,서동탄,40777,9542,33609,8938,50319,42547
202002,경부선,서동탄,31631,6510,25594,6065,38141,31659
202003,경부선,서동탄,26506,4845,21462,4702,31351,26164
202004,경부선,서동탄,28802,6154,24840,5873,34956,30713
202005,경부선,서동탄,32364,7638,28239,7461,40002,35700
202006,경부선,서동탄,34087,7431,28388,7199,41518,35587
202007,경부선,서동탄,36401,8024,30559,7843,44425,38402
202008,경부선,서동탄,29514,6512,24569,6416,36026,30985
202009,경부선,서동탄,28469,6679,23684,6497,35148,30181
202010,경부선,서동탄,34182,7821,28776,7649,42003,36425
202011,경부선,서동탄,33362,7223,28206,7309,40585,35515
202012,경부선,서동탄,26194,5642,21542,5575,31836,27117
202001,경원선,서빙고,41395,15269,39449,14748,56664,54197
202002,경원선,서빙고,34201,11680,32668,11266,45881,43934
202003,경원선,서빙고,26443,9254,24014,8612,35697,32626
202004,경원선,서빙고,28493,10330,25708,9582,38823,35290
202005,경원선,서빙고,33419,11940,29916,11223,45359,41139
202006,경원선,서빙고,36504,12468,33542,11472,48972,45014
202007,경원선,서빙고,39869,13502,36280,12398,53371,48678
202008,경원선,서빙고,34052,11554,30445,10604,45606,41049
202009,경원선,서빙고,31996,11220,27790,10393,43216,38183
202010,경원선,서빙고,35424,12882,31817,11944,48306,43761
202011,경원선,서빙고,36875,13035,33230,12056,49910,45286
202012,경원선,서빙고,29393,10333,26848,9463,39726,36311
202001,2호선,서울대입구(관악구청),1297520,192496,1262533,184129,1490016,1446662
202002,2호선,서울대입구(관악구청),1135231,151450,1103449,145049,1286681,1248498
202003,2호선,서울대입구(관악구청),954406,123202,928898,118052,1077608,1046950
202004,2호선,서울대입구(관악구청),1000840,138261,977588,132834,1139101,1110422
202005,2호선,서울대입구(관악구청),1086414,158038,1065344,152879,1244452,1218223
202006,2호선,서울대입구(관악구청),1135234,153383,1105164,147165,1288617,1252329
202007,2호선,서울대입구(관악구청),1222845,163039,1185550,155596,1385884,1341146
202008,2호선,서울대입구(관악구청),1029227,141802,1002578,135028,1171029,1137606
202009,2호선,서울대입구(관악구청),944313,135252,913854,129418,1079565,1043272
202010,2호선,서울대입구(관악구청),1091951,153365,1069930,147622,1245316,1217552
202011,2호선,서울대입구(관악구청),1103420,151581,1071620,143923,1255001,1215543
202012,2호선,서울대입구(관악구청),887612,129969,866137,124398,1017581,990535
202001,분당선,서울숲,216285,21243,219785,20610,237528,240395
202002,분당선,서울숲,195417,17219,198686,16700,212636,215386
202003,분당선,서울숲,180077,15735,185320,14898,195812,200218
202004,분당선,서울숲,206356,19256,215295,18401,225612,233696
202005,분당선,서울숲,216109,22501,222165,21765,238610,243930
202006,분당선,서울숲,219763,21850,223398,21283,241613,244681
202007,분당선,서울숲,238723,23787,241743,22970,262510,264713
202008,분당선,서울숲,186838,18908,187896,18151,205746,206047
202009,분당선,서울숲,189679,19631,192978,18772,209310,211750
202010,분당선,서울숲,217077,24438,222751,23622,241515,246373
202011,분당선,서울숲,212639,21759,216950,21201,234398,238151
202012,분당선,서울숲,154725,16518,155270,15735,171243,171005
202001,1호선,서울역(1호선),1445261,205003,1337363,197190,1650264,1534553
202002,1호선,서울역(1호선),1016616,144018,962133,137714,1160634,1099847
202003,1호선,서울역(1호선),696347,119547,664931,111372,815894,776303
202004,1호선,서울역(1호선),775859,139595,748330,130554,915454,878884
202005,1호선,서울역(1호선),917128,164309,866276,154455,1081437,1020731
202006,1호선,서울역(1호선),962135,160905,917054,150846,1123040,1067900
202007,1호선,서울역(1호선),1050692,170236,1009246,160113,1220928,1169359
202008,1호선,서울역(1호선),868817,142312,831427,133674,1011129,965101
202009,1호선,서울역(1호선),724320,137054,711203,128369,861374,839572
202010,1호선,서울역(1호선),924642,164817,867575,154920,1089459,1022495
202011,1호선,서울역(1호선),970425,163629,919628,153605,1134054,1073233
202012,1호선,서울역(1호선),708925,133421,674149,123397,842346,797546
202001,4호선,서울역(4호선),346305,39385,630930,49492,385690,680422
202002,4호선,서울역(4호선),285563,30972,445274,35019,316535,480293
202003,4호선,서울역(4호선),208033,25816,271749,27520,233849,299269
202004,4호선,서울역(4호선),218806,27475,310842,30960,246281,341802
202005,4호선,서울역(4호선),230021,31183,353621,36897,261204,390518
202006,4호선,서울역(4호선),255435,31947,379118,36992,287382,416110
202007,4호선,서울역(4호선),271476,33505,421198,38715,304981,459913
202008,4호선,서울역(4호선),213123,28790,344300,32800,241913,377100
202009,4호선,서울역(4호선),197323,27570,282003,29664,224893,311667
202010,4호선,서울역(4호선),230955,31253,357808,36404,262208,394212
202011,4호선,서울역(4호선),243530,31384,380890,36733,274914,417623
202012,4호선,서울역(4호선),190881,26568,267412,29157,217449,296569
202001,경부선,서울역(경부선),211635,11567,46598,2139,223202,48737
202002,경부선,서울역(경부선),124920,6666,33383,1472,131586,34855
202003,경부선,서울역(경부선),69171,3665,22230,1045,72836,23275
202004,경부선,서울역(경부선),90086,5295,26098,1276,95381,27374
202005,경부선,서울역(경부선),127702,7939,32269,1645,135641,33914
202006,경부선,서울역(경부선),128591,8084,32963,1672,136675,34635
202007,경부선,서울역(경부선),148558,8483,38891,1927,157041,40818
202008,경부선,서울역(경부선),137473,7649,35669,1747,145122,37416
202009,경부선,서울역(경부선),90923,5768,26723,1418,96691,28141
202010,경부선,서울역(경부선),137844,8087,33590,1846,145931,35436
202011,경부선,서울역(경부선),145486,8385,37641,1930,153871,39571
202012,경부선,서울역(경부선),91305,5459,29950,1515,96764,31465
202001,경의선,서울역(경의선),99155,14138,124724,17259,113293,141983
202001,경의선,서울역(경의선),8,0,0,0,8,0
202002,경의선,서울역(경의선),82257,10106,103554,12360,92363,115914
202002,경의선,서울역(경의선),4,0,0,0,4,0
202003,경의선,서울역(경의선),64374,8408,83835,10655,72782,94490
202004,경의선,서울역(경의선),67967,9701,88326,12577,77668,100903
202004,경의선,서울역(경의선),0,1,0,0,1,0
202005,경의선,서울역(경의선),78715,11838,97855,14946,90553,112801
202005,경의선,서울역(경의선),1,0,0,0,1,0
202006,경의선,서울역(경의선),1,0,0,0,1,0
202006,경의선,서울역(경의선),89312,12174,110766,15512,101486,126278
202007,경의선,서울역(경의선),93231,12801,117116,16236,106032,133352
202008,경의선,서울역(경의선),72870,9726,89981,12649,82596,102630
202009,경의선,서울역(경의선),69616,10128,85212,12844,79744,98056
202010,경의선,서울역(경의선),80210,11928,100196,15132,92138,115328
202011,경의선,서울역(경의선),87247,12389,108966,15604,99636,124570
202012,경의선,서울역(경의선),68996,9330,83785,11808,78326,95593
202001,공항철도 1호선,서울역(공항철도),387304,34075,329025,30731,421379,359756
202002,공항철도 1호선,서울역(공항철도),244813,22556,205926,21167,267369,227093
202003,공항철도 1호선,서울역(공항철도),108106,18164,101789,17342,126270,119131
202004,공항철도 1호선,서울역(공항철도),122315,21537,116587,19986,143852,136573
202005,공항철도 1호선,서울역(공항철도),159208,25671,146910,23242,184879,170152
202006,공항철도 1호선,서울역(공항철도),161764,25092,150389,22998,186856,173387
202007,공항철도 1호선,서울역(공항철도),185216,27070,172458,24842,212286,197300
202008,공항철도 1호선,서울역(공항철도),166778,23327,152534,21542,190105,174076
202009,공항철도 1호선,서울역(공항철도),127852,21629,120137,19945,149481,140082
202010,공항철도 1호선,서울역(공항철도),172425,26026,156899,23366,198451,180265
202011,공항철도 1호선,서울역(공항철도),179671,25547,168781,23340,205218,192121
202012,공항철도 1호선,서울역(공항철도),121740,20977,111015,19467,142717,130482
202001,경부선,서정리,132091,27336,135738,27127,159427,162865
202002,경부선,서정리,108524,19059,107118,18768,127583,125886
202003,경부선,서정리,93823,15921,94485,15946,109744,110431
202004,경부선,서정리,104413,16972,102376,16888,121385,119264
202005,경부선,서정리,137795,22208,137335,21763,160003,159098
202006,경부선,서정리,150227,22431,146765,21795,172658,168560
202007,경부선,서정리,147151,24379,144670,23901,171530,168571
202008,경부선,서정리,117305,20274,118408,20076,137579,138484
202009,경부선,서정리,114078,19113,111297,18765,133191,130062
202010,경부선,서정리,147202,22764,144209,22413,169966,166622
202011,경부선,서정리,153835,21876,150357,21770,175711,172127
202012,경부선,서정리,123981,18186,118416,17544,142167,135960
202001,2호선,서초,545772,82653,536768,82024,628425,618792
202002,2호선,서초,490679,61859,485184,61740,552538,546924
202003,2호선,서초,385309,44174,381257,44648,429483,425905
202004,2호선,서초,402574,48312,394789,48508,450886,443297
202005,2호선,서초,456671,66651,448265,68033,523322,516298
202006,2호선,서초,503796,70716,497950,73285,574512,571235
202007,2호선,서초,518245,66610,506616,68700,584855,575316
202008,2호선,서초,424485,54436,415008,54452,478921,469460
202009,2호선,서초,395364,48481,386735,48639,443845,435374
202010,2호선,서초,457176,60213,447248,60712,517389,507960
202011,2호선,서초,499790,66637,485481,65907,566427,551388
202012,2호선,서초,389004,50401,381585,49897,439405,431482
202001,분당선,서현,704093,131040,712059,128547,835133,840606
202002,분당선,서현,593488,91801,603545,89493,685289,693038
202003,분당선,서현,411801,61482,417327,59296,473283,476623
202004,분당선,서현,453112,73874,463142,71665,526986,534807
202005,분당선,서현,522707,93509,537665,90780,616216,628445
202006,분당선,서현,545237,93559,564030,91243,638796,655273
202007,분당선,서현,592095,101670,613774,99098,693765,712872
202008,분당선,서현,491758,83591,506005,81238,575349,587243
202009,분당선,서현,436258,81583,449257,78493,517841,527750
202010,분당선,서현,516732,95245,535262,92612,611977,627874
202011,분당선,서현,528077,94723,543676,92053,622800,635729
202012,분당선,서현,430846,78184,438941,75482,509030,514423
202001,경원선,석계(1호선),211224,63818,238758,68906,275042,307664
202002,경원선,석계(1호선),174741,47261,198360,51284,222002,249644
202003,경원선,석계(1호선),146882,39907,168268,43350,186789,211618
202004,경원선,석계(1호선),154024,46067,177080,49773,200091,226853
202005,경원선,석계(1호선),173574,54934,196929,58799,228508,255728
202006,경원선,석계(1호선),179512,52486,204845,56335,231998,261180
202007,경원선,석계(1호선),188351,56110,215407,60055,244461,275462
202008,경원선,석계(1호선),149053,46309,174167,49597,195362,223764
202009,경원선,석계(1호선),146721,47939,168141,51235,194660,219376
202010,경원선,석계(1호선),172909,55436,197498,59558,228345,257056
202011,경원선,석계(1호선),171886,51773,197139,55769,223659,252908
202012,경원선,석계(1호선),139617,42153,161130,45226,181770,206356
202001,6호선,석계(6호선),298191,75822,303420,76720,374013,380140
202002,6호선,석계(6호선),259373,58481,266396,58986,317854,325382
202003,6호선,석계(6호선),228904,48925,233500,49104,277829,282604
202004,6호선,석계(6호선),237271,55742,237621,55849,293013,293470
202005,6호선,석계(6호선),254646,64416,257799,64760,319062,322559
202006,6호선,석계(6호선),269867,63585,273986,63948,333452,337934
202007,6호선,석계(6호선),281489,66605,284562,67191,348094,351753
202008,6호선,석계(6호선),238855,56498,237448,56695,295353,294143
202009,6호선,석계(6호선),226303,55780,229669,56490,282083,286159
202010,6호선,석계(6호선),257686,64563,260151,64732,322249,324883
202011,6호선,석계(6호선),262021,63068,266390,63330,325089,329720
202012,6호선,석계(6호선),221315,52418,226468,53605,273733,280073
202001,경부선,석수,263147,45901,225706,42825,309048,268531
202002,경부선,석수,219932,34657,191697,33208,254589,224905
202003,경부선,석수,190938,29716,167063,29017,220654,196080
202004,경부선,석수,202152,35038,178126,34571,237190,212697
202005,경부선,석수,217134,40682,191164,39568,257816,230732
202006,경부선,석수,229585,39725,201740,38463,269310,240203
202007,경부선,석수,243990,41862,212967,39875,285852,252842
202008,경부선,석수,199148,33919,173878,32125,233067,206003
202009,경부선,석수,197501,36318,172807,34917,233819,207724
202010,경부선,석수,225083,41687,197103,40834,266770,237937
202011,경부선,석수,227618,39880,199560,38398,267498,237958
202012,경부선,석수,190693,33459,167344,32260,224152,199604
202001,8호선,석촌(8호선),182395,51413,216366,54554,233808,270920
202002,8호선,석촌(8호선),156524,36770,185449,39244,193294,224693
202003,8호선,석촌(8호선),135420,29731,161230,32039,165151,193269
202004,8호선,석촌(8호선),140946,33522,166111,35996,174468,202107
202005,8호선,석촌(8호선),150729,39364,179310,42081,190093,221391
202006,8호선,석촌(8호선),155179,38796,184020,41643,193975,225663
202007,8호선,석촌(8호선),165453,41065,197770,44331,206518,242101
202008,8호선,석촌(8호선),140782,34989,165212,37356,175771,202568
202009,8호선,석촌(8호선),132098,35071,155982,36836,167169,192818
202010,8호선,석촌(8호선),150561,40764,181388,43202,191325,224590
202011,8호선,석촌(8호선),155306,40058,185853,42602,195364,228455
202012,8호선,석촌(8호선),132135,33591,153967,35279,165726,189246
202001,9호선2~3단계,석촌(9호선),182141,29647,152869,25190,211788,178059
202002,9호선2~3단계,석촌(9호선),157573,21825,133571,18886,179398,152457
202003,9호선2~3단계,석촌(9호선),137881,17401,118982,15268,155282,134250
202004,9호선2~3단계,석촌(9호선),145953,20370,123985,17347,166323,141332
202005,9호선2~3단계,석촌(9호선),160784,24021,138022,20751,184805,158773
202006,9호선2~3단계,석촌(9호선),171712,24413,147236,20640,196125,167876
202007,9호선2~3단계,석촌(9호선),184780,26332,158211,22534,211112,180745
202008,9호선2~3단계,석촌(9호선),155125,22265,132907,19440,177390,152347
202009,9호선2~3단계,석촌(9호선),144983,21085,126232,18561,166068,144793
202010,9호선2~3단계,석촌(9호선),172675,25710,148978,22132,198385,171110
202011,9호선2~3단계,석촌(9호선),176374,25458,152724,22079,201832,174803
202012,9호선2~3단계,석촌(9호선),141166,20873,124668,18425,162039,143093
202001,9호선2~3단계,석촌고분,122089,32062,120441,32038,154151,152479
202002,9호선2~3단계,석촌고분,109833,22335,108877,22607,132168,131484
202003,9호선2~3단계,석촌고분,97898,18638,96902,18979,116536,115881
202004,9호선2~3단계,석촌고분,101809,20369,98465,20688,122178,119153
202005,9호선2~3단계,석촌고분,109073,23796,106610,23939,132869,130549
202006,9호선2~3단계,석촌고분,116398,24520,114113,24840,140918,138953
202007,9호선2~3단계,석촌고분,124471,26606,121441,26149,151077,147590
202008,9호선2~3단계,석촌고분,107300,22758,105058,22637,130058,127695
202009,9호선2~3단계,석촌고분,99749,21718,97641,21530,121467,119171
202010,9호선2~3단계,석촌고분,112125,25192,108741,24794,137317,133535
202011,9호선2~3단계,석촌고분,117929,25373,114803,25266,143302,140069
202012,9호선2~3단계,석촌고분,101489,21434,102382,21602,122923,123984
202001,2호선,선릉(2호선),1340537,208485,1193596,183121,1549022,1376717
202002,2호선,선릉(2호선),1210480,180866,1080636,159258,1391346,1239894
202003,2호선,선릉(2호선),1027993,157000,921855,139150,1184993,1061005
202004,2호선,선릉(2호선),1064925,168651,954337,149755,1233576,1104092
202005,2호선,선릉(2호선),1122297,183152,1005112,162893,1305449,1168005
202006,2호선,선릉(2호선),1234922,186073,1105411,164916,1420995,1270327
202007,2호선,선릉(2호선),1316056,193819,1178503,172446,1509875,1350949
202008,2호선,선릉(2호선),1066202,159698,954030,142127,1225900,1096157
202009,2호선,선릉(2호선),989990,151019,884721,133504,1141009,1018225
202010,2호선,선릉(2호선),1105702,168050,996180,149880,1273752,1146060
202011,2호선,선릉(2호선),1178665,178261,1057066,159007,1356926,1216073
202012,2호선,선릉(2호선),987725,154716,880230,136667,1142441,1016897
202001,분당선,선릉(분당선),298136,37224,488249,52714,335360,540963
202002,분당선,선릉(분당선),272697,31372,444248,43622,304069,487870
202003,분당선,선릉(분당선),237984,26598,378287,36025,264582,414312
202004,분당선,선릉(분당선),243929,28346,393466,38787,272275,432253
202005,분당선,선릉(분당선),258004,32806,414662,44552,290810,459214
202006,분당선,선릉(분당선),286641,34475,460947,46626,321116,507573
202007,분당선,선릉(분당선),307138,36386,493393,48584,343524,541977
202008,분당선,선릉(분당선),252403,29998,394806,39588,282401,434394
202009,분당선,선릉(분당선),240954,29743,367317,38255,270697,405572
202010,분당선,선릉(분당선),266686,34590,414064,43866,301276,457930
202011,분당선,선릉(분당선),285925,35680,441226,45588,321605,486814
202012,분당선,선릉(분당선),245568,30356,363456,38525,275924,401981
202001,과천선,선바위,223788,29476,185395,28195,253264,213590
202002,과천선,선바위,191401,22748,163521,21521,214149,185042
202003,과천선,선바위,160308,19325,141889,19294,179633,161183
202004,과천선,선바위,169160,23126,148550,22786,192286,171336
202005,과천선,선바위,183858,27404,159294,26917,211262,186211
202006,과천선,선바위,197497,26795,170026,26254,224292,196280
202007,과천선,선바위,211466,28351,178051,27456,239817,205507
202008,과천선,선바위,171498,22870,147669,22490,194368,170159
202009,과천선,선바위,167406,24761,145437,24516,192167,169953
202010,과천선,선바위,193191,29292,161999,28945,222483,190944
202011,과천선,선바위,198743,27147,166535,26717,225890,193252
202012,과천선,선바위,153846,20824,137020,20805,174670,157825
202001,9호선,선유도,175932,24306,168570,23887,200238,192457
202002,9호선,선유도,157007,19157,151827,18566,176164,170393
202003,9호선,선유도,132430,16096,129130,15133,148526,144263
202004,9호선,선유도,143915,18709,139961,18227,162624,158188
202005,9호선,선유도,154743,22395,150499,21896,177138,172395
202006,9호선,선유도,170010,21371,163988,20737,191381,184725
202007,9호선,선유도,183452,22906,176649,22473,206358,199122
202008,9호선,선유도,150322,19006,146070,18377,169328,164447
202009,9호선,선유도,140727,18319,136946,17624,159046,154570
202010,9호선,선유도,156963,22383,151919,21880,179346,173799
202011,9호선,선유도,165850,21776,159127,21258,187626,180385
202012,9호선,선유도,139135,17391,135505,16644,156526,152149
202001,9호선2~3단계,선정릉(9호선),220930,24359,239511,24996,245289,264507
202002,9호선2~3단계,선정릉(9호선),199146,17180,215453,17916,216326,233369
202003,9호선2~3단계,선정릉(9호선),173268,13392,186766,13766,186660,200532
202004,9호선2~3단계,선정릉(9호선),180198,14619,194396,15313,194817,209709
202005,9호선2~3단계,선정릉(9호선),192700,17951,208631,18667,210651,227298
202006,9호선2~3단계,선정릉(9호선),211327,18208,228690,19127,229535,247817
202007,9호선2~3단계,선정릉(9호선),224432,19728,240811,20487,244160,261298
202008,9호선2~3단계,선정릉(9호선),186098,16082,199672,16542,202180,216214
202009,9호선2~3단계,선정릉(9호선),178835,15052,191714,15437,193887,207151
202010,9호선2~3단계,선정릉(9호선),200600,18818,220177,19366,219418,239543
202011,9호선2~3단계,선정릉(9호선),210115,19404,229261,20185,229519,249446
202012,9호선2~3단계,선정릉(9호선),173738,15428,187505,15793,189166,203298
202001,분당선,선정릉(분당선),184112,34614,198034,33953,218726,231987
202002,분당선,선정릉(분당선),171143,22661,185837,22099,193804,207936
202003,분당선,선정릉(분당선),148750,16908,161997,16289,165658,178286
202004,분당선,선정릉(분당선),150792,18237,164528,17465,169029,181993
202005,분당선,선정릉(분당선),159045,21748,172299,21139,180793,193438
202006,분당선,선정릉(분당선),174879,22272,190236,21410,197151,211646
202007,분당선,선정릉(분당선),185441,24089,203430,23307,209530,226737
202008,분당선,선정릉(분당선),154877,19215,167476,18541,174092,186017
202009,분당선,선정릉(분당선),148930,18680,160492,17771,167610,178263
202010,분당선,선정릉(분당선),161829,21931,175668,21306,183760,196974
202011,분당선,선정릉(분당선),171925,23403,185943,22165,195328,208108
202012,분당선,선정릉(분당선),145765,18418,155588,17639,164183,173227
202001,경부선,성균관대,366596,53347,363505,54083,419943,417588
202002,경부선,성균관대,299492,36025,294713,36616,335517,331329
202003,경부선,성균관대,252415,27513,248839,27924,279928,276763
202004,경부선,성균관대,271765,34596,267486,35375,306361,302861
202005,경부선,성균관대,300451,42866,298525,43313,343317,341838
202006,경부선,성균관대,318568,40770,313354,41334,359338,354688
202007,경부선,성균관대,346131,43745,339244,44393,389876,383637
202008,경부선,성균관대,278989,36301,276578,36833,315290,313411
202009,경부선,성균관대,275374,35474,269864,35917,310848,305781
202010,경부선,성균관대,334649,43906,331974,44046,378555,376020
202011,경부선,성균관대,346317,42318,342645,42650,388635,385295
202012,경부선,성균관대,264073,33682,262383,33983,297755,296366
202001,2호선,성수,762458,101411,831318,102910,863869,934228
202002,2호선,성수,703624,84617,772458,86496,788241,858954
202003,2호선,성수,652237,74976,720099,76705,727213,796804
202004,2호선,성수,655184,78169,729838,79922,733353,809760
202005,2호선,성수,665274,84072,747681,85813,749346,833494
202006,2호선,성수,718304,85688,803656,87557,803992,891213
202007,2호선,성수,774697,91244,874055,93393,865941,967448
202008,2호선,성수,642711,77882,716689,79261,720593,795950
202009,2호선,성수,623188,77881,695933,79334,701069,775267
202010,2호선,성수,681643,84808,762820,86581,766451,849401
202011,2호선,성수,724190,87999,801708,89600,812189,891308
202012,2호선,성수,610176,77187,670995,78681,687363,749676
202001,4호선,성신여대입구(돈암) 4호선),567236,88101,541928,86717,655337,628645
202002,4호선,성신여대입구(돈암) 4호선),451210,65548,426239,63782,516758,490021
202003,4호선,성신여대입구(돈암) 4호선),389062,53996,370714,52150,443058,422864
202004,4호선,성신여대입구(돈암) 4호선),407398,61748,386591,59934,469146,446525
202005,4호선,성신여대입구(돈암) 4호선),452990,74492,433476,72113,527482,505589
202006,4호선,성신여대입구(돈암) 4호선),466344,71847,446067,69263,538191,515330
202007,4호선,성신여대입구(돈암) 4호선),496555,75848,476680,73740,572403,550420
202008,4호선,성신여대입구(돈암) 4호선),406673,61448,389055,60820,468121,449875
202009,4호선,성신여대입구(돈암) 4호선),379778,60558,362669,58628,440336,421297
202010,4호선,성신여대입구(돈암) 4호선),455337,70962,436222,68692,526299,504914
202011,4호선,성신여대입구(돈암) 4호선),463025,70467,441812,68677,533492,510489
202012,4호선,성신여대입구(돈암) 4호선),361668,59071,347493,57388,420739,404881
202001,우이신설선,성신여대입구(돈암) 우이신설,70682,31125,85598,29572,101807,115170
202002,우이신설선,성신여대입구(돈암) 우이신설,54338,22848,64694,21724,77186,86418
202003,우이신설선,성신여대입구(돈암) 우이신설,47506,17931,57744,17633,65437,75377
202004,우이신설선,성신여대입구(돈암) 우이신설,49730,20451,61501,19964,70181,81465
202005,우이신설선,성신여대입구(돈암) 우이신설,54274,24339,68070,24009,78613,92079
202006,우이신설선,성신여대입구(돈암) 우이신설,56403,23925,69095,23303,80328,92398
202007,우이신설선,성신여대입구(돈암) 우이신설,61413,25499,74532,24984,86912,99516
202008,우이신설선,성신여대입구(돈암) 우이신설,50143,20512,61005,19119,70655,80124
202009,우이신설선,성신여대입구(돈암) 우이신설,46336,21089,54482,20451,67425,74933
202010,우이신설선,성신여대입구(돈암) 우이신설,56047,24374,67783,23579,80421,91362
202011,우이신설선,성신여대입구(돈암) 우이신설,57101,23938,67600,23173,81039,90773
202012,우이신설선,성신여대입구(돈암) 우이신설,45350,20583,52099,19610,65933,71709
202001,경부선,성환,80323,22743,80545,22643,103066,103188
202002,경부선,성환,59767,15688,59815,15861,75455,75676
202003,경부선,성환,46419,12750,46762,12884,59169,59646
202004,경부선,성환,54884,15808,54033,15943,70692,69976
202005,경부선,성환,75504,18660,74498,18749,94164,93247
202006,경부선,성환,75335,17879,75218,18030,93214,93248
202007,경부선,성환,75834,18864,74444,18874,94698,93318
202008,경부선,성환,64595,16077,64535,16224,80672,80759
202009,경부선,성환,74388,14860,73405,15245,89248,88650
202010,경부선,성환,87542,15960,86745,16406,103502,103151
202011,경부선,성환,85228,14254,85487,14730,99482,100217
202012,경부선,성환,66834,12034,66319,12226,78868,78545
202001,경부선,세류,89715,17214,83009,16932,106929,99941
202002,경부선,세류,68074,11564,63167,11546,79638,74713
202003,경부선,세류,55328,9037,51484,9123,64365,60607
202004,경부선,세류,59443,10855,55393,10975,70298,66368
202005,경부선,세류,68623,13228,63791,13179,81851,76970
202006,경부선,세류,70144,12572,65115,12504,82716,77619
202007,경부선,세류,73943,13625,68876,13300,87568,82176
202008,경부선,세류,62451,11177,59088,10908,73628,69996
202009,경부선,세류,59439,10938,56765,10669,70377,67434
202010,경부선,세류,70408,13299,66272,13018,83707,79290
202011,경부선,세류,69375,12669,65188,12355,82044,77543
202012,경부선,세류,56944,9872,53887,9785,66816,63672
202001,경부선,세마,65635,14339,57118,13372,79974,70490
202002,경부선,세마,49395,9870,44112,9163,59265,53275
202003,경부선,세마,41194,8175,37401,7729,49369,45130
202004,경부선,세마,45798,10333,41051,9586,56131,50637
202005,경부선,세마,51288,12249,46357,11202,63537,57559
202006,경부선,세마,54798,11904,49739,11002,66702,60741
202007,경부선,세마,57780,12756,53039,11955,70536,64994
202008,경부선,세마,48644,10514,44276,9824,59158,54100
202009,경부선,세마,46620,10201,42657,9420,56821,52077
202010,경부선,세마,55724,12440,50471,11381,68164,61852
202011,경부선,세마,55092,11828,49733,10925,66920,60658
202012,경부선,세마,45935,9405,41983,8595,55340,50578
202001,경강선,세종대왕릉,6344,2929,6127,2815,9273,8942
202002,경강선,세종대왕릉,4489,2013,4285,1947,6502,6232
202003,경강선,세종대왕릉,3825,1782,3663,1738,5607,5401
202004,경강선,세종대왕릉,4410,2464,4423,2448,6874,6871
202005,경강선,세종대왕릉,5184,2973,5132,2965,8157,8097
202006,경강선,세종대왕릉,5104,2764,5145,2746,7868,7891
202007,경강선,세종대왕릉,5446,2767,5417,2705,8213,8122
202008,경강선,세종대왕릉,4168,1970,4063,1981,6138,6044
202009,경강선,세종대왕릉,4234,2418,4389,2469,6652,6858
202010,경강선,세종대왕릉,5656,3318,5542,3757,8974,9299
202011,경강선,세종대왕릉,5201,2592,5167,2711,7793,7878
202012,경강선,세종대왕릉,3785,1779,3686,1767,5564,5453
202001,수인선,소래포구,97673,39592,90591,38400,137265,128991
202002,수인선,소래포구,75568,25924,70008,24858,101492,94866
202003,수인선,소래포구,66096,23255,62009,22455,89351,84464
202004,수인선,소래포구,77631,42620,74200,41665,120251,115865
202005,수인선,소래포구,85066,57813,81288,56995,142879,138283
202006,수인선,소래포구,83932,45327,78421,44304,129259,122725
202007,수인선,소래포구,89899,39822,83255,38824,129721,122079
202008,수인선,소래포구,75017,32196,70749,31488,107213,102237
202009,수인선,소래포구,89341,50668,88355,50207,140009,138562
202010,수인선,소래포구,118021,83196,116103,82215,201217,198318
202011,수인선,소래포구,98041,55841,94116,54703,153882,148819
202012,수인선,소래포구,73562,31341,71355,30258,104903,101613
202001,경인선,소사,235793,70146,221647,69240,305939,290887
202002,경인선,소사,193355,50747,182581,50243,244102,232824
202003,경인선,소사,166144,41567,153783,41085,207711,194868
202004,경인선,소사,178805,48774,166806,47874,227579,214680
202005,경인선,소사,198972,56166,186605,55017,255138,241622
202006,경인선,소사,200363,54245,188321,52680,254608,241001
202007,경인선,소사,207478,59395,196856,57985,266873,254841
202008,경인선,소사,177273,51958,168274,50069,229231,218343
202009,경인선,소사,174305,48912,167004,47995,223217,214999
202010,경인선,소사,205461,57565,193117,56400,263026,249517
202011,경인선,소사,206283,56141,196210,55146,262424,251356
202012,경인선,소사,169814,46854,158230,44122,216668,202352
202001,경원선,소요산,46897,55779,35314,49096,102676,84410
202002,경원선,소요산,31343,43413,23167,38462,74756,61629
202003,경원선,소요산,24252,41591,18010,36367,65843,54377
202004,경원선,소요산,27338,53774,21590,45844,81112,67434
202005,경원선,소요산,38479,66153,28516,56260,104632,84776
202006,경원선,소요산,34804,65262,27232,57317,100066,84549
202007,경원선,소요산,34755,67678,27187,59686,102433,86873
202008,경원선,소요산,27898,55630,21049,50165,83528,71214
202009,경원선,소요산,27144,58795,21789,52282,85939,74071
202010,경원선,소요산,42081,79369,33233,70490,121450,103723
202011,경원선,소요산,34546,58648,27980,51959,93194,79939
202012,경원선,소요산,21529,40766,16884,36760,62295,53644
202001,우이신설선,솔밭공원,42556,27099,38852,27786,69655,66638
202002,우이신설선,솔밭공원,36123,21142,33719,22046,57265,55765
202003,우이신설선,솔밭공원,31673,18220,29778,19107,49893,48885
202004,우이신설선,솔밭공원,32398,20209,29617,21050,52607,50667
202005,우이신설선,솔밭공원,35242,23761,31566,24686,59003,56252
202006,우이신설선,솔밭공원,37803,23897,34695,25194,61700,59889
202007,우이신설선,솔밭공원,40638,25015,36727,26600,65653,63327
202008,우이신설선,솔밭공원,33727,21356,30598,22527,55083,53125
202009,우이신설선,솔밭공원,32745,21576,30529,22694,54321,53223
202010,우이신설선,솔밭공원,37235,24594,33812,25641,61829,59453
202011,우이신설선,솔밭공원,38245,22966,35099,23877,61211,58976
202012,우이신설선,솔밭공원,32875,19829,31393,20720,52704,52113
202001,우이신설선,솔샘,126066,35499,111801,36296,161565,148097
202002,우이신설선,솔샘,107751,27789,97692,28725,135540,126417
202003,우이신설선,솔샘,93850,22910,84424,24315,116760,108739
202004,우이신설선,솔샘,98088,25955,86997,27247,124043,114244
202005,우이신설선,솔샘,105884,30065,94224,30951,135949,125175
202006,우이신설선,솔샘,114997,30364,103153,31401,145361,134554
202007,우이신설선,솔샘,122259,32478,107971,33476,154737,141447
202008,우이신설선,솔샘,98418,26703,87360,27454,125121,114814
202009,우이신설선,솔샘,95595,26979,86303,27811,122574,114114
202010,우이신설선,솔샘,109557,31090,96989,31851,140647,128840
202011,우이신설선,솔샘,113195,30941,101260,31595,144136,132855
202012,우이신설선,솔샘,95217,26033,87922,27127,121250,115049
202001,경인선,송내,745487,116726,730558,115170,862213,845728
202002,경인선,송내,633078,87201,622966,86563,720279,709529
202003,경인선,송내,556284,74320,547456,73881,630604,621337
202004,경인선,송내,572006,85936,562744,85360,657942,648104
202005,경인선,송내,606559,97784,602127,96616,704343,698743
202006,경인선,송내,626615,94101,623134,93528,720716,716662
202007,경인선,송내,675876,103194,669376,101972,779070,771348
202008,경인선,송내,559717,87853,555085,86931,647570,642016
202009,경인선,송내,534498,85876,533689,84733,620374,618422
202010,경인선,송내,619682,100604,613937,99429,720286,713366
202011,경인선,송내,629422,96814,625808,95841,726236,721649
202012,경인선,송내,514914,79733,516839,79005,594647,595844
202001,수인선,송도,55220,21568,50769,21147,76788,71916
202002,수인선,송도,45443,16156,41444,15913,61599,57357
202003,수인선,송도,38854,13327,34995,12907,52181,47902
202004,수인선,송도,40731,15151,37490,15124,55882,52614
202005,수인선,송도,43437,17960,40273,17792,61397,58065
202006,수인선,송도,46787,17284,42068,16836,64071,58904
202007,수인선,송도,48717,17856,44283,17665,66573,61948
202008,수인선,송도,39753,15097,36553,14947,54850,51500
202009,수인선,송도,41402,16155,37404,15860,57557,53264
202010,수인선,송도,51105,19532,45361,18969,70637,64330
202011,수인선,송도,49263,17594,44279,17257,66857,61536
202012,수인선,송도,40245,14522,36672,14197,54767,50869
202001,5호선,송정,166049,50150,152000,48173,216199,200173
202002,5호선,송정,141999,37701,129549,36888,179700,166437
202003,5호선,송정,123751,31753,113806,31067,155504,144873
202004,5호선,송정,129120,36795,119150,35916,165915,155066
202005,5호선,송정,135970,42689,126196,41847,178659,168043
202006,5호선,송정,140246,40917,129954,39703,181163,169657
202007,5호선,송정,145168,44282,133276,42541,189450,175817
202008,5호선,송정,124801,38245,115106,37059,163046,152165
202009,5호선,송정,117398,37395,108909,36432,154793,145341
202010,5호선,송정,134072,43268,124299,42073,177340,166372
202011,5호선,송정,134698,41281,125118,40024,175979,165142
202012,5호선,송정,113672,33763,107951,32989,147435,140940
202001,경부선,송탄,110322,22664,106115,22066,132986,128181
202002,경부선,송탄,85655,15642,81977,15291,101297,97268
202003,경부선,송탄,68186,13248,65258,12891,81434,78149
202004,경부선,송탄,72519,14280,68382,13830,86799,82212
202005,경부선,송탄,93054,18121,87965,17580,111175,105545
202006,경부선,송탄,97758,17873,91670,17601,115631,109271
202007,경부선,송탄,103067,18487,96988,17958,121554,114946
202008,경부선,송탄,88331,15152,83742,14666,103483,98408
202009,경부선,송탄,84955,14993,79093,14588,99948,93681
202010,경부선,송탄,105938,18057,100101,17412,123995,117513
202011,경부선,송탄,103288,17554,98846,16945,120842,115791
202012,경부선,송탄,82623,14461,79225,14119,97084,93344
202001,8호선,송파,216568,57878,206418,56143,274446,262561
202002,8호선,송파,177914,40908,168825,39866,218822,208691
202003,8호선,송파,148551,33045,141182,32457,181596,173639
202004,8호선,송파,156306,37549,147004,36692,193855,183696
202005,8호선,송파,172270,46059,162681,45015,218329,207696
202006,8호선,송파,188222,45244,176658,44223,233466,220881
202007,8호선,송파,198128,47781,187346,47031,245909,234377
202008,8호선,송파,162805,40166,155454,39500,202971,194954
202009,8호선,송파,146142,38081,142874,37859,184223,180733
202010,8호선,송파,160857,43826,158146,43578,204683,201724
202011,8호선,송파,164497,44351,162872,43857,208848,206729
202012,8호선,송파,134387,36317,135854,36361,170704,172215
202001,9호선2~3단계,송파나루,98588,23917,105463,24523,122505,129986
202002,9호선2~3단계,송파나루,87006,18195,93649,18263,105201,111912
202003,9호선2~3단계,송파나루,76839,15048,82005,15203,91887,97208
202004,9호선2~3단계,송파나루,79452,16093,83684,16390,95545,100074
202005,9호선2~3단계,송파나루,84456,19270,92102,19787,103726,111889
202006,9호선2~3단계,송파나루,89161,19638,96881,20453,108799,117334
202007,9호선2~3단계,송파나루,98659,21080,107914,21926,119739,129840
202008,9호선2~3단계,송파나루,84769,18720,90694,19642,103489,110336
202009,9호선2~3단계,송파나루,76489,16967,80881,17485,93456,98366
202010,9호선2~3단계,송파나루,90855,18939,95559,19285,109794,114844
202011,9호선2~3단계,송파나루,94348,19923,98044,20048,114271,118092
202012,9호선2~3단계,송파나루,77825,17109,81967,17466,94934,99433
202001,분당선,수내,325241,76544,321701,76148,401785,397849
202002,분당선,수내,272512,52302,270728,51067,324814,321795
202003,분당선,수내,209919,36317,210203,34597,246236,244800
202004,분당선,수내,227761,44262,227314,42390,272023,269704
202005,분당선,수내,251096,56965,251143,55154,308061,306297
202006,분당선,수내,268522,57663,270214,55955,326185,326169
202007,분당선,수내,289186,61912,289693,59543,351098,349236
202008,분당선,수내,239477,50667,239591,48940,290144,288531
202009,분당선,수내,223999,50427,225302,48738,274426,274040
202010,분당선,수내,254540,61396,255762,59459,315936,315221
202011,분당선,수내,267493,60717,267758,58554,328210,326312
202012,분당선,수내,223665,48553,224959,46406,272218,271365
202001,7호선,수락산,293466,84751,289989,84985,378217,374974
202002,7호선,수락산,257507,65777,257604,66364,323284,323968
202003,7호선,수락산,232428,57767,232895,58781,290195,291676
202004,7호선,수락산,240162,66850,236526,67431,307012,303957
202005,7호선,수락산,258680,78973,254149,79922,337653,334071
202006,7호선,수락산,267391,77821,263981,78381,345212,342362
202007,7호선,수락산,279617,82427,274771,83321,362044,358092
202008,7호선,수락산,238036,69368,235842,69996,307404,305838
202009,7호선,수락산,228867,67858,227375,68500,296725,295875
202010,7호선,수락산,262270,81159,255113,81609,343429,336722
202011,7호선,수락산,261616,75109,255747,75584,336725,331331
202012,7호선,수락산,223428,62062,224069,63311,285490,287380
202001,안산선,수리산,92092,30353,69025,28402,122445,97427
202002,안산선,수리산,79518,22489,60660,21045,102007,81705
202003,안산선,수리산,71178,20694,56115,19568,91872,75683
202004,안산선,수리산,75609,24943,61139,24594,100552,85733
202005,안산선,수리산,79977,27696,62991,26614,107673,89605
202006,안산선,수리산,85440,26535,66059,25208,111975,91267
202007,안산선,수리산,89663,27237,68161,25729,116900,93890
202008,안산선,수리산,73054,23369,55654,21027,96423,76681
202009,안산선,수리산,73339,24202,57671,22646,97541,80317
202010,안산선,수리산,82472,27445,65859,26183,109917,92042
202011,안산선,수리산,83942,26556,65131,25111,110498,90242
202012,안산선,수리산,70743,22513,56551,21483,93256,78034
202001,경의선,수색,50534,12832,51670,12964,63366,64634
202002,경의선,수색,45163,9991,45434,10281,55154,55715
202003,경의선,수색,38475,8523,39992,8470,46998,48462
202004,경의선,수색,39625,9545,41618,9473,49170,51091
202005,경의선,수색,42996,11420,45036,11349,54416,56385
202006,경의선,수색,46912,11192,49281,11187,58104,60468
202007,경의선,수색,50808,12381,53030,12296,63189,65326
202008,경의선,수색,40833,10593,41212,10411,51426,51623
202009,경의선,수색,41847,11045,42324,10769,52892,53093
202010,경의선,수색,48828,12514,49654,12517,61342,62171
202011,경의선,수색,51481,12239,52130,12287,63720,64417
202012,경의선,수색,41743,9487,42780,9570,51230,52350
202001,3호선,수서(3호선),434244,103335,432740,100726,537579,533466
202002,3호선,수서(3호선),344557,75197,346094,74101,419754,420195
202003,3호선,수서(3호선),255299,58870,260615,58870,314169,319485
202004,3호선,수서(3호선),288110,68230,293846,67384,356340,361230
202005,3호선,수서(3호선),341662,83954,341408,82997,425616,424405
202006,3호선,수서(3호선),358520,85585,363223,84929,444105,448152
202007,3호선,수서(3호선),385807,90146,392246,88690,475953,480936
202008,3호선,수서(3호선),320578,75443,324943,73894,396021,398837
202009,3호선,수서(3호선),282943,72874,292806,71784,355817,364590
202010,3호선,수서(3호선),348323,84981,346480,83512,433304,429992
202011,3호선,수서(3호선),362084,86586,366403,85232,448670,451635
202012,3호선,수서(3호선),269450,69076,278293,68228,338526,346521
202001,분당선,수서(분당선),367155,62877,368958,65607,430032,434565
202002,분당선,수서(분당선),296704,46553,299328,48022,343257,347350
202003,분당선,수서(분당선),216256,35459,221220,36487,251715,257707
202004,분당선,수서(분당선),248660,41337,256679,42859,289997,299538
202005,분당선,수서(분당선),295593,50685,297795,52024,346278,349819
202006,분당선,수서(분당선),311364,51801,318041,52885,363165,370926
202007,분당선,수서(분당선),337258,54507,345876,56393,391765,402269
202008,분당선,수서(분당선),280117,45011,285623,46352,325128,331975
202009,분당선,수서(분당선),242633,43715,255712,44905,286348,300617
202010,분당선,수서(분당선),296940,53041,298689,54950,349981,353639
202011,분당선,수서(분당선),307017,53192,314594,54579,360209,369173
202012,분당선,수서(분당선),226395,41300,239524,42773,267695,282297
202001,경부선,수원(1호선),1119615,145788,1185834,153771,1265403,1339605
202002,경부선,수원(1호선),778347,94185,827825,99798,872532,927623
202003,경부선,수원(1호선),613788,71400,659222,76516,685188,735738
202004,경부선,수원(1호선),707770,90130,759653,96289,797900,855942
202005,경부선,수원(1호선),853341,113601,907002,119259,966942,1026261
202006,경부선,수원(1호선),864116,109192,916619,115603,973308,1032222
202007,경부선,수원(1호선),922921,117654,983112,124250,1040575,1107362
202008,경부선,수원(1호선),792685,100610,840282,105569,893295,945851
202009,경부선,수원(1호선),701870,96093,753012,100075,797963,853087
202010,경부선,수원(1호선),907033,118668,957603,122163,1025701,1079766
202011,경부선,수원(1호선),873149,109696,921798,113795,982845,1035593
202012,경부선,수원(1호선),643103,85712,682535,89139,728815,771674
202001,분당선,수원(분당선),229061,27577,162702,17321,256638,180023
202002,분당선,수원(분당선),177476,19009,122876,12003,196485,134879
202003,분당선,수원(분당선),144847,14743,98755,9249,159590,108004
202004,분당선,수원(분당선),158892,17853,111012,11001,176745,122013
202005,분당선,수원(분당선),177701,21048,121630,12925,198749,134555
202006,분당선,수원(분당선),182462,21236,127211,13304,203698,140515
202007,분당선,수원(분당선),196293,22266,138774,14486,218559,153260
202008,분당선,수원(분당선),163825,18963,116487,12702,182788,129189
202009,분당선,수원(분당선),159994,22804,121071,18606,182798,139677
202010,분당선,수원(분당선),202627,27487,159768,24315,230114,184083
202011,분당선,수원(분당선),198916,24868,159443,20899,223784,180342
202012,분당선,수원(분당선),152686,20350,123396,16989,173036,140385
202001,분당선,수원시청,319552,36579,363593,37565,356131,401158
202002,분당선,수원시청,259656,27247,295494,27856,286903,323350
202003,분당선,수원시청,207514,21395,234385,21658,228909,256043
202004,분당선,수원시청,226204,24309,256567,24750,250513,281317
202005,분당선,수원시청,248362,28959,279424,29425,277321,308849
202006,분당선,수원시청,255739,29173,287061,29374,284912,316435
202007,분당선,수원시청,278327,31005,316869,31281,309332,348150
202008,분당선,수원시청,234617,26044,262712,26053,260661,288765
202009,분당선,수원시청,223941,27091,246316,27426,251032,273742
202010,분당선,수원시청,279499,32975,317025,33187,312474,350212
202011,분당선,수원시청,289239,32097,318774,32489,321336,351263
202012,분당선,수원시청,231636,26284,246485,26409,257920,272894
202001,4호선,수유(강북구청),871915,202660,867329,201774,1074575,1069103
202002,4호선,수유(강북구청),763450,157921,759475,158323,921371,917798
202003,4호선,수유(강북구청),678153,130827,671399,131262,808980,802661
202004,4호선,수유(강북구청),687854,148659,677063,148273,836513,825336
202005,4호선,수유(강북구청),732092,169650,717716,168581,901742,886297
202006,4호선,수유(강북구청),754235,164441,740129,163678,918676,903807
202007,4호선,수유(강북구청),792970,175440,778651,174303,968410,952954
202008,4호선,수유(강북구청),673434,147463,661406,146354,820897,807760
202009,4호선,수유(강북구청),641952,144716,628973,143489,786668,772462
202010,4호선,수유(강북구청),724327,165326,715749,164634,889653,880383
202011,4호선,수유(강북구청),737253,161766,727278,161629,899019,888907
202012,4호선,수유(강북구청),636625,135807,629750,136354,772432,766104
202001,8호선,수진,120438,51012,108955,50469,171450,159424
202002,8호선,수진,101024,36100,90310,35446,137124,125756
202003,8호선,수진,82185,25748,72434,25239,107933,97673
202004,8호선,수진,85472,29162,74930,28522,114634,103452
202005,8호선,수진,93413,34214,81630,32956,127627,114586
202006,8호선,수진,97161,33590,85987,33075,130751,119062
202007,8호선,수진,104146,38038,91655,37605,142184,129260
202008,8호선,수진,89730,33888,78954,33177,123618,112131
202009,8호선,수진,84283,32189,74601,31905,116472,106506
202010,8호선,수진,95163,37679,83349,37338,132842,120687
202011,8호선,수진,97323,36669,85834,36940,133992,122774
202012,8호선,수진,86343,30492,76573,29990,116835,106563
202001,4호선,숙대입구(갈월),360303,53149,354829,49554,413452,404383
202002,4호선,숙대입구(갈월),307871,41479,304875,38959,349350,343834
202003,4호선,숙대입구(갈월),247731,33575,245847,31504,281306,277351
202004,4호선,숙대입구(갈월),255637,37371,254294,35058,293008,289352
202005,4호선,숙대입구(갈월),282236,42791,278963,39990,325027,318953
202006,4호선,숙대입구(갈월),303855,43404,299522,40416,347259,339938
202007,4호선,숙대입구(갈월),315700,45769,309832,42439,361469,352271
202008,4호선,숙대입구(갈월),259440,38835,256913,36388,298275,293301
202009,4호선,숙대입구(갈월),241831,38459,238421,35983,280290,274404
202010,4호선,숙대입구(갈월),281588,43067,277986,40342,324655,318328
202011,4호선,숙대입구(갈월),294013,42888,290527,40369,336901,330896
202012,4호선,숙대입구(갈월),228527,36435,224644,34357,264962,259001
202001,7호선,숭실대입구(살피재),311844,59216,308161,61211,371060,369372
202002,7호선,숭실대입구(살피재),257161,42561,254783,44088,299722,298871
202003,7호선,숭실대입구(살피재),213703,33096,213978,34177,246799,248155
202004,7호선,숭실대입구(살피재),229798,38153,227860,39641,267951,267501
202005,7호선,숭실대입구(살피재),254055,46651,252917,48337,300706,301254
202006,7호선,숭실대입구(살피재),281096,46218,279260,47927,327314,327187
202007,7호선,숭실대입구(살피재),274908,49247,271307,50869,324155,322176
202008,7호선,숭실대입구(살피재),233170,41694,230497,43041,274864,273538
202009,7호선,숭실대입구(살피재),227079,40850,226246,41959,267929,268205
202010,7호선,숭실대입구(살피재),267639,47537,267780,49240,315176,317020
202011,7호선,숭실대입구(살피재),268245,47022,268859,48726,315267,317585
202012,7호선,숭실대입구(살피재),219996,38102,223115,39539,258098,262654
202001,수인선,숭의,77978,27101,71633,26489,105079,98122
202002,수인선,숭의,67237,20883,61683,20352,88120,82035
202003,수인선,숭의,60777,17638,55214,17114,78415,72328
202004,수인선,숭의,62249,20135,56558,19406,82384,75964
202005,수인선,숭의,65100,21876,58885,21288,86976,80173
202006,수인선,숭의,69834,21046,63940,20291,90880,84231
202007,수인선,숭의,73265,22736,67689,21923,96001,89612
202008,수인선,숭의,62051,19808,57702,19182,81859,76884
202009,수인선,숭의,65176,20665,60040,20108,85841,80148
202010,수인선,숭의,74024,23906,68676,23096,97930,91772
202011,수인선,숭의,74909,23033,69289,22181,97942,91470
202012,수인선,숭의,66234,19640,61495,19175,85874,80670
202001,1호선,시청(1호선),623387,107077,633560,107246,730464,740806
202002,1호선,시청(1호선),497795,72691,503452,71038,570486,574490
202003,1호선,시청(1호선),387610,50214,395956,48264,437824,444220
202004,1호선,시청(1호선),381606,52670,384171,50782,434276,434953
202005,1호선,시청(1호선),418506,59606,421540,57496,478112,479036
202006,1호선,시청(1호선),455263,58702,465147,57219,513965,522366
202007,1호선,시청(1호선),491470,67640,507259,66567,559110,573826
202008,1호선,시청(1호선),398000,61177,400278,59104,459177,459382
202009,1호선,시청(1호선),376545,50389,376445,47503,426934,423948
202010,1호선,시청(1호선),432235,59314,441369,56895,491549,498264
202011,1호선,시청(1호선),470299,61681,476546,59054,531980,535600
202012,1호선,시청(1호선),379344,49801,376925,46696,429145,423621
202001,2호선,시청(2호선),665333,57265,629991,52094,722598,682085
202002,2호선,시청(2호선),566526,43058,553529,39060,609584,592589
202003,2호선,시청(2호선),456023,35692,460381,32195,491715,492576
202004,2호선,시청(2호선),450214,37129,454725,33425,487343,488150
202005,2호선,시청(2호선),473410,41742,471436,37811,515152,509247
202006,2호선,시청(2호선),520606,43006,519312,38882,563612,558194
202007,2호선,시청(2호선),559328,47257,554335,43099,606585,597434
202008,2호선,시청(2호선),452342,39799,448649,35603,492141,484252
202009,2호선,시청(2호선),431147,35332,424000,31482,466479,455482
202010,2호선,시청(2호선),480522,40673,468990,36790,521195,505780
202011,2호선,시청(2호선),524632,44104,511719,39821,568736,551540
202012,2호선,시청(2호선),427538,36190,412998,32133,463728,445131
202001,분당선,신갈,108786,32894,104692,32929,141680,137621
202002,분당선,신갈,91460,19379,88194,19576,110839,107770
202003,분당선,신갈,70554,12685,68634,12868,83239,81502
202004,분당선,신갈,76599,16188,74770,16509,92787,91279
202005,분당선,신갈,85423,20815,82987,21063,106238,104050
202006,분당선,신갈,92492,20980,89779,21398,113472,111177
202007,분당선,신갈,101824,23259,98319,23254,125083,121573
202008,분당선,신갈,81497,18542,79414,18365,100039,97779
202009,분당선,신갈,75238,17793,73842,17978,93031,91820
202010,분당선,신갈,88873,22985,87102,23042,111858,110144
202011,분당선,신갈,90322,22985,88961,22717,113307,111678
202012,분당선,신갈,73834,17426,73714,17616,91260,91330
202001,5호선,신금호,145315,37719,142804,41401,183034,184205
202002,5호선,신금호,126050,28182,125246,31694,154232,156940
202003,5호선,신금호,107026,22747,107175,26033,129773,133208
202004,5호선,신금호,113521,26482,112415,29679,140003,142094
202005,5호선,신금호,122433,30935,121116,34501,153368,155617
202006,5호선,신금호,132880,28856,131054,32691,161736,163745
202007,5호선,신금호,140357,31577,138260,35395,171934,173655
202008,5호선,신금호,114456,26719,113098,29943,141175,143041
202009,5호선,신금호,111317,26398,111241,29892,137715,141133
202010,5호선,신금호,126788,30572,125818,34505,157360,160323
202011,5호선,신금호,130681,30062,130882,33742,160743,164624
202012,5호선,신금호,106675,24919,109585,28399,131594,137984
202002,경부선,신길,197329,33018,161615,30238,230347,191853
202003,경부선,신길,176454,25985,145502,23915,202439,169417
202004,경부선,신길,184868,31136,152109,28185,216004,180294
202005,경부선,신길,198608,36021,164387,32887,234629,197274
202006,경부선,신길,212075,36019,174990,33155,248094,208145
202007,경부선,신길,220648,38641,181859,35431,259289,217290
202008,경부선,신길,189375,32376,154032,29926,221751,183958
202009,경부선,신길,184247,31122,150585,28611,215369,179196
202010,경부선,신길,206792,37551,170857,34244,244343,205101
202011,경부선,신길,212274,37925,175566,35021,250199,210587
202012,경부선,신길,178180,29442,146319,27111,207622,173430
202001,경부선,신길(1호선),230309,42850,189235,39192,273159,228427
202001,5호선,신길(5호선),87786,11013,98603,11678,98799,110281
202002,5호선,신길(5호선),81614,9097,90506,9403,90711,99909
202003,5호선,신길(5호선),73921,7620,82128,7971,81541,90099
202004,5호선,신길(5호선),74476,8471,82557,9052,82947,91609
202005,5호선,신길(5호선),79303,9649,86605,10226,88952,96831
202006,5호선,신길(5호선),84472,9757,91194,10085,94229,101279
202007,5호선,신길(5호선),89002,10178,95940,10495,99180,106435
202008,5호선,신길(5호선),76796,8769,82866,9114,85565,91980
202009,5호선,신길(5호선),74275,8346,80331,8776,82621,89107
202010,5호선,신길(5호선),84190,9824,90730,10172,94014,100902
202011,5호선,신길(5호선),89613,9825,97353,10122,99438,107475
202012,5호선,신길(5호선),76844,7787,86176,8151,84631,94327
202001,안산선,신길온천,38973,7845,34829,7572,46818,42401
202002,안산선,신길온천,31055,5968,27993,5737,37023,33730
202003,안산선,신길온천,27855,6056,25364,5760,33911,31124
202004,안산선,신길온천,29924,7124,27020,6947,37048,33967
202005,안산선,신길온천,32928,8513,29745,8247,41441,37992
202006,안산선,신길온천,34260,8254,30411,7951,42514,38362
202007,안산선,신길온천,35878,8552,32153,8252,44430,40405
202008,안산선,신길온천,30510,7389,27285,7199,37899,34484
202009,안산선,신길온천,30909,8148,28143,7922,39057,36065
202010,안산선,신길온천,37548,9344,33915,9186,46892,43101
202011,안산선,신길온천,37361,8535,33845,8366,45896,42211
202012,안산선,신길온천,30246,6577,27982,6426,36823,34408
202001,6호선,신내(6호선),5,1,0,0,6,0
202002,6호선,신내(6호선),4,0,0,0,4,0
202003,6호선,신내(6호선),0,1,0,0,1,0
202004,6호선,신내(6호선),1,0,0,0,1,0
202005,6호선,신내(6호선),6,0,0,0,6,0
202006,6호선,신내(6호선),4,0,0,0,4,0
202007,6호선,신내(6호선),6,0,0,0,6,0
202008,6호선,신내(6호선),9,1,0,0,10,0
202009,6호선,신내(6호선),5,0,0,0,5,0
202010,6호선,신내(6호선),5,0,0,0,5,0
202011,6호선,신내(6호선),5,0,0,0,5,0
202012,6호선,신내(6호선),3,0,0,0,3,0
202001,경춘선,신내(경춘선),25763,12088,26862,12092,37851,38954
202002,경춘선,신내(경춘선),21884,9649,22828,9609,31533,32437
202003,경춘선,신내(경춘선),18890,8878,19960,8762,27768,28722
202004,경춘선,신내(경춘선),20679,10141,21608,10185,30820,31793
202005,경춘선,신내(경춘선),23141,11573,23381,11705,34714,35086
202006,경춘선,신내(경춘선),25968,11442,26617,11533,37410,38150
202007,경춘선,신내(경춘선),28867,12270,28986,12006,41137,40992
202008,경춘선,신내(경춘선),22743,9245,23421,9450,31988,32871
202009,경춘선,신내(경춘선),23172,10118,24456,9970,33290,34426
202010,경춘선,신내(경춘선),28068,11993,28765,11788,40061,40553
202011,경춘선,신내(경춘선),29018,11530,29223,11263,40548,40486
202012,경춘선,신내(경춘선),23048,9500,23595,9232,32548,32827
202001,9호선,신논현,957013,57215,976720,54748,1014228,1031468
202002,9호선,신논현,781554,45399,797662,43126,826953,840788
202003,9호선,신논현,628159,37111,640695,34953,665270,675648
202004,9호선,신논현,665983,39934,687520,38255,705917,725775
202005,9호선,신논현,716430,46978,733811,44730,763408,778541
202006,9호선,신논현,757528,48268,778888,45709,805796,824597
202007,9호선,신논현,841796,51909,872335,49150,893705,921485
202008,9호선,신논현,690964,44773,710780,42374,735737,753154
202009,9호선,신논현,599905,42277,606781,39119,642182,645900
202010,9호선,신논현,721968,48678,745415,45843,770646,791258
202011,9호선,신논현,746935,50327,759289,47134,797262,806423
202012,9호선,신논현,585439,42221,573796,39088,627660,612884
202001,2호선,신답,35793,9563,40497,10195,45356,50692
202002,2호선,신답,32480,7674,36712,8443,40154,45155
202003,2호선,신답,28381,7106,32182,7611,35487,39793
202004,2호선,신답,28550,7648,31598,8010,36198,39608
202005,2호선,신답,30248,8719,33841,9279,38967,43120
202006,2호선,신답,32524,8511,36729,9039,41035,45768
202007,2호선,신답,34317,8826,38556,9499,43143,48055
202008,2호선,신답,28596,7582,33010,8031,36178,41041
202009,2호선,신답,26411,7873,30856,8223,34284,39079
202010,2호선,신답,29769,8586,33773,9157,38355,42930
202011,2호선,신답,31542,8176,35430,8703,39718,44133
202012,2호선,신답,26417,7273,31347,7586,33690,38933
202001,2호선,신당(2호선),325478,96146,342278,99020,421624,441298
202002,2호선,신당(2호선),283255,74229,297117,76428,357484,373545
202003,2호선,신당(2호선),243172,65311,252696,67845,308483,320541
202004,2호선,신당(2호선),253639,73487,257741,75546,327126,333287
202005,2호선,신당(2호선),272686,83601,278419,85630,356287,364049
202006,2호선,신당(2호선),283832,80489,288493,82566,364321,371059
202007,2호선,신당(2호선),301709,84703,305216,87407,386412,392623
202008,2호선,신당(2호선),252396,73105,258180,75129,325501,333309
202009,2호선,신당(2호선),246284,75735,250421,77857,322019,328278
202010,2호선,신당(2호선),275287,82584,280942,85258,357871,366200
202011,2호선,신당(2호선),280186,81594,287757,83765,361780,371522
202012,2호선,신당(2호선),236875,70526,244293,72616,307401,316909
202001,6호선,신당(6호선),209795,38408,212547,36848,248203,249395
202002,6호선,신당(6호선),195963,29643,200855,28198,225606,229053
202003,6호선,신당(6호선),153846,23342,166474,22023,177188,188497
202004,6호선,신당(6호선),148237,24899,159864,23553,173136,183417
202005,6호선,신당(6호선),162223,28140,173883,26650,190363,200533
202006,6호선,신당(6호선),173778,27521,188019,26284,201299,214303
202007,6호선,신당(6호선),184043,29277,199625,27886,213320,227511
202008,6호선,신당(6호선),148717,24900,158865,23871,173617,182736
202009,6호선,신당(6호선),149857,25687,162163,24316,175544,186479
202010,6호선,신당(6호선),164875,29540,175296,27721,194415,203017
202011,6호선,신당(6호선),174427,29744,184829,28391,204171,213220
202012,6호선,신당(6호선),144393,25213,153061,23745,169606,176806
202001,2호선,신대방,694787,124629,655651,125614,819416,781265
202002,2호선,신대방,601691,95225,568429,97530,696916,665959
202003,2호선,신대방,525962,76678,499695,79090,602640,578785
202004,2호선,신대방,549084,88920,517895,90300,638004,608195
202005,2호선,신대방,587126,103673,556442,105035,690799,661477
202006,2호선,신대방,607666,100153,575024,101718,707819,676742
202007,2호선,신대방,638722,106695,601157,107890,745417,709047
202008,2호선,신대방,555967,92410,524728,94170,648377,618898
202009,2호선,신대방,529607,91842,503697,93075,621449,596772
202010,2호선,신대방,586090,105157,556840,106391,691247,663231
202011,2호선,신대방,591781,103161,565130,104167,694942,669297
202012,2호선,신대방,507865,86682,493271,88570,594547,581841
202001,7호선,신대방삼거리,390201,92372,367687,93723,482573,461410
202002,7호선,신대방삼거리,349435,68200,328847,69552,417635,398399
202003,7호선,신대방삼거리,309021,53733,291173,54935,362754,346108
202004,7호선,신대방삼거리,319611,60479,298461,61621,380090,360082
202005,7호선,신대방삼거리,341303,70116,320048,70950,411419,390998
202006,7호선,신대방삼거리,361740,69890,336335,70572,431630,406907
202007,7호선,신대방삼거리,379887,73614,352779,74899,453501,427678
202008,7호선,신대방삼거리,325245,66014,304493,68281,391259,372774
202009,7호선,신대방삼거리,313709,63906,294346,66216,377615,360562
202010,7호선,신대방삼거리,344133,71277,324005,72818,415410,396823
202011,7호선,신대방삼거리,353669,71723,334341,73753,425392,408094
202012,7호선,신대방삼거리,306040,60708,294946,63061,366748,358007
202001,2호선,신도림(2호선),1432064,206155,1426374,197218,1638219,1623592
202002,2호선,신도림(2호선),1205858,151014,1197951,143939,1356872,1341890
202003,2호선,신도림(2호선),931309,108467,915469,102032,1039776,1017501
202004,2호선,신도림(2호선),1021928,128620,1010838,121940,1150548,1132778
202005,2호선,신도림(2호선),1134072,157322,1124790,149794,1291394,1274584
202006,2호선,신도림(2호선),1177977,156023,1169808,147766,1334000,1317574
202007,2호선,신도림(2호선),1267057,170396,1258159,161262,1437453,1419421
202008,2호선,신도림(2호선),1064583,147420,1054120,139438,1212003,1193558
202009,2호선,신도림(2호선),970462,137427,950750,129589,1107889,1080339
202010,2호선,신도림(2호선),1126074,159472,1120633,150880,1285546,1271513
202011,2호선,신도림(2호선),1149172,160860,1139108,151174,1310032,1290282
202012,2호선,신도림(2호선),925108,132310,902857,124111,1057418,1026968
202001,경부선,신도림(1호선),90052,21700,91337,24362,111752,115699
202002,경부선,신도림(1호선),78679,17565,76987,18869,96244,95856
202003,경부선,신도림(1호선),69010,14835,65182,15830,83845,81012
202004,경부선,신도림(1호선),73940,17723,72131,19000,91663,91131
202005,경부선,신도림(1호선),80309,21278,79883,22655,101587,102538
202006,경부선,신도림(1호선),86262,21117,85449,22712,107379,108161
202007,경부선,신도림(1호선),91041,22361,91441,24499,113402,115940
202008,경부선,신도림(1호선),74258,18483,75271,20266,92741,95537
202009,경부선,신도림(1호선),74383,19290,72467,20909,93673,93376
202010,경부선,신도림(1호선),86208,22429,86637,24783,108637,111420
202011,경부선,신도림(1호선),88187,21413,88251,24374,109600,112625
202012,경부선,신도림(1호선),71349,16908,68101,18853,88257,86954
202001,경강선,신둔도예촌,28924,5999,26605,5655,34923,32260
202002,경강선,신둔도예촌,22519,4478,20932,4255,26997,25187
202003,경강선,신둔도예촌,17840,3695,16807,3624,21535,20431
202004,경강선,신둔도예촌,20128,4563,18776,4434,24691,23210
202005,경강선,신둔도예촌,23208,5472,21548,5274,28680,26822
202006,경강선,신둔도예촌,24493,5345,22820,5138,29838,27958
202007,경강선,신둔도예촌,26249,5530,24152,5363,31779,29515
202008,경강선,신둔도예촌,26490,5449,27240,5456,31939,32696
202009,경강선,신둔도예촌,20525,4633,19521,4517,25158,24038
202010,경강선,신둔도예촌,27545,5845,25135,5762,33390,30897
202011,경강선,신둔도예촌,29110,5496,26670,5453,34606,32123
202012,경강선,신둔도예촌,20344,4301,19387,4211,24645,23598
202001,2호선,신림,1763905,237349,1708075,239406,2001254,1947481
202002,2호선,신림,1554701,180675,1500865,183615,1735376,1684480
202003,2호선,신림,1356645,141661,1304767,143440,1498306,1448207
202004,2호선,신림,1403874,159581,1336112,160381,1563455,1496493
202005,2호선,신림,1484360,187519,1419570,188294,1671879,1607864
202006,2호선,신림,1525991,180446,1455894,182128,1706437,1638022
202007,2호선,신림,1607404,190252,1531241,192709,1797656,1723950
202008,2호선,신림,1399828,167892,1340234,170506,1567720,1510740
202009,2호선,신림,1313103,163147,1249688,165747,1476250,1415435
202010,2호선,신림,1465312,186915,1406394,189272,1652227,1595666
202011,2호선,신림,1494668,185327,1430345,187900,1679995,1618245
202012,2호선,신림,1263269,155870,1221689,159099,1419139,1380788
202001,9호선,신목동,93191,17972,82986,17179,111163,100165
202002,9호선,신목동,79664,13775,71061,13096,93439,84157
202003,9호선,신목동,65291,11042,59009,10277,76333,69286
202004,9호선,신목동,70969,12898,62936,12093,83867,75029
202005,9호선,신목동,77498,16080,68167,15124,93578,83291
202006,9호선,신목동,83811,15524,74156,14539,99335,88695
202007,9호선,신목동,91138,16729,79982,16011,107867,95993
202008,9호선,신목동,74802,13726,66716,13070,88528,79786
202009,9호선,신목동,68269,13840,60736,13040,82109,73776
202010,9호선,신목동,79634,16926,69800,15913,96560,85713
202011,9호선,신목동,82365,17124,72367,16008,99489,88375
202012,9호선,신목동,65135,13049,59511,12253,78184,71764
202001,9호선,신반포,65873,20458,65625,20589,86331,86214
202002,9호선,신반포,53826,14053,54543,13847,67879,68390
202003,9호선,신반포,41158,9718,42707,9582,50876,52289
202004,9호선,신반포,44876,11016,45516,10646,55892,56162
202005,9호선,신반포,53774,13930,54537,14010,67704,68547
202006,9호선,신반포,59133,14638,58930,14249,73771,73179
202007,9호선,신반포,63687,15656,63478,15295,79343,78773
202008,9호선,신반포,53942,13049,53168,12981,66991,66149
202009,9호선,신반포,48932,12583,48783,12425,61515,61208
202010,9호선,신반포,57935,14793,57938,14657,72728,72595
202011,9호선,신반포,61198,15178,61116,15134,76376,76250
202012,9호선,신반포,49768,12237,49585,11937,62005,61522
202001,9호선,신방화,157476,42223,152859,42257,199699,195116
202002,9호선,신방화,135973,33413,132682,33393,169386,166075
202003,9호선,신방화,115494,26781,111661,26808,142275,138469
202004,9호선,신방화,120690,30715,114785,30618,151405,145403
202005,9호선,신방화,129493,36448,124184,35986,165941,160170
202006,9호선,신방화,137633,34469,132044,34662,172102,166706
202007,9호선,신방화,147240,36873,140449,37137,184113,177586
202008,9호선,신방화,124683,32168,120133,32425,156851,152558
202009,9호선,신방화,117114,31927,113049,31784,149041,144833
202010,9호선,신방화,132471,35628,125984,35675,168099,161659
202011,9호선,신방화,137050,35390,131291,35436,172440,166727
202012,9호선,신방화,115341,29947,113505,30004,145288,143509
202001,3호선,신사,884056,72235,955567,69843,956291,1025410
202002,3호선,신사,758220,59120,818286,56616,817340,874902
202003,3호선,신사,603980,48102,649450,45389,652082,694839
202004,3호선,신사,627699,51382,677263,49090,679081,726353
202005,3호선,신사,690416,60137,748596,57972,750553,806568
202006,3호선,신사,717614,60805,786689,58409,778419,845098
202007,3호선,신사,780435,63921,858004,61440,844356,919444
202008,3호선,신사,635804,53750,695474,51490,689554,746964
202009,3호선,신사,589589,52067,634604,49201,641656,683805
202010,3호선,신사,690782,58889,758622,56565,749671,815187
202011,3호선,신사,715359,60530,772488,57961,775889,830449
202012,3호선,신사,572684,52530,599777,49451,625214,649228
202001,1호선,신설동(1호선),323258,117081,316893,110677,440339,427570
202002,1호선,신설동(1호선),279911,93563,274174,88925,373474,363099
202003,1호선,신설동(1호선),233936,80823,230867,76833,314759,307700
202004,1호선,신설동(1호선),240865,90729,239399,86446,331594,325845
202005,1호선,신설동(1호선),261099,104972,262223,100777,366071,363000
202006,1호선,신설동(1호선),280240,102803,280182,98654,383043,378836
202007,1호선,신설동(1호선),286150,108173,286122,103904,394323,390026
202008,1호선,신설동(1호선),229665,87162,229554,83945,316827,313499
202009,1호선,신설동(1호선),226849,92148,227364,88012,318997,315376
202010,1호선,신설동(1호선),254511,104533,256538,100200,359044,356738
202011,1호선,신설동(1호선),263272,100228,252254,93219,363500,345473
202012,1호선,신설동(1호선),224233,85301,222952,81327,309534,304279
202001,2호선,신설동(2호선),83669,34102,79066,36491,117771,115557
202002,2호선,신설동(2호선),68818,26214,67297,28387,95032,95684
202003,2호선,신설동(2호선),53397,21095,53284,23510,74492,76794
202004,2호선,신설동(2호선),56392,24794,53554,26568,81186,80122
202005,2호선,신설동(2호선),62358,28792,57884,30494,91150,88378
202006,2호선,신설동(2호선),62913,27473,59226,28892,90386,88118
202007,2호선,신설동(2호선),66920,28641,62588,30215,95561,92803
202008,2호선,신설동(2호선),54456,22991,52209,24493,77447,76702
202009,2호선,신설동(2호선),53257,24514,50166,26510,77771,76676
202010,2호선,신설동(2호선),60815,29007,56390,30596,89822,86986
202011,2호선,신설동(2호선),65287,28129,60111,29147,93416,89258
202012,2호선,신설동(2호선),52948,22704,50560,24425,75652,74985
202001,우이신설선,신설동(우이신설),34577,23139,36774,21369,57716,58143
202002,우이신설선,신설동(우이신설),32004,19022,34486,16967,51026,51453
202003,우이신설선,신설동(우이신설),30391,16423,32292,14171,46814,46463
202004,우이신설선,신설동(우이신설),30248,17747,32349,15876,47995,48225
202005,우이신설선,신설동(우이신설),32088,20732,34235,18653,52820,52888
202006,우이신설선,신설동(우이신설),35278,21022,37005,18961,56300,55966
202007,우이신설선,신설동(우이신설),37018,22793,38221,20370,59811,58591
202008,우이신설선,신설동(우이신설),30056,18234,31205,16212,48290,47417
202009,우이신설선,신설동(우이신설),30836,19293,31742,17142,50129,48884
202010,우이신설선,신설동(우이신설),34202,22702,35228,20195,56904,55423
202011,우이신설선,신설동(우이신설),34911,22695,36311,19995,57606,56306
202012,우이신설선,신설동(우이신설),30730,19424,31370,16436,50154,47806
202001,4호선,신용산,431112,49716,450205,48973,480828,499178
202002,4호선,신용산,352548,37679,370081,36929,390227,407010
202003,4호선,신용산,289143,30837,303746,30684,319980,334430
202004,4호선,신용산,298261,34171,314557,34176,332432,348733
202005,4호선,신용산,322720,39996,336685,40082,362716,376767
202006,4호선,신용산,348747,41121,367957,41018,389868,408975
202007,4호선,신용산,380874,42722,404363,42433,423596,446796
202008,4호선,신용산,311140,36409,331940,35950,347549,367890
202009,4호선,신용산,280838,36237,300060,36073,317075,336133
202010,4호선,신용산,332911,41228,350931,41471,374139,392402
202011,4호선,신용산,355043,42419,376166,42675,397462,418841
202012,4호선,신용산,266598,35053,281018,34985,301651,316003
202001,중앙선,신원,3044,2517,2683,2184,5561,4867
202002,중앙선,신원,2395,2085,2201,1739,4480,3940
202003,중앙선,신원,3003,2613,2414,2213,5616,4627
202004,중앙선,신원,4060,3714,2979,3191,7774,6170
202005,중앙선,신원,3783,3684,3040,3270,7467,6310
202006,중앙선,신원,3572,3293,2770,2723,6865,5493
202007,중앙선,신원,3462,3099,2781,2621,6561,5402
202008,중앙선,신원,2311,2375,2004,2000,4686,4004
202009,중앙선,신원,3622,4363,2598,3876,7985,6474
202010,중앙선,신원,4648,4509,3287,3819,9157,7106
202011,중앙선,신원,3160,2969,2777,2475,6129,5252
202012,중앙선,신원,2227,2238,2006,1839,4465,3845
202001,경원선,신이문,198086,64506,174767,62946,262592,237713
202002,경원선,신이문,170462,50622,150058,49461,221084,199519
202003,경원선,신이문,147634,43625,130207,42934,191259,173141
202004,경원선,신이문,153569,50096,135923,49248,203665,185171
202005,경원선,신이문,167792,58556,147584,57264,226348,204848
202006,경원선,신이문,176571,56692,156002,55563,233263,211565
202007,경원선,신이문,187229,59273,164795,57844,246502,222639
202008,경원선,신이문,151670,49928,138339,49503,201598,187842
202009,경원선,신이문,149148,52625,134888,51630,201773,186518
202010,경원선,신이문,167124,57882,148943,56544,225006,205487
202011,경원선,신이문,170290,56499,153038,55168,226789,208206
202012,경원선,신이문,146185,47943,133908,47371,194128,181279
202001,5호선,신정(은행정),337487,58128,254267,54924,395615,309191
202002,5호선,신정(은행정),298796,46239,223359,44302,345035,267661
202003,5호선,신정(은행정),262684,38212,195894,36782,300896,232676
202004,5호선,신정(은행정),269479,42752,200351,41105,312231,241456
202005,5호선,신정(은행정),289023,49407,218336,47329,338430,265665
202006,5호선,신정(은행정),310203,48636,232667,46816,358839,279483
202007,5호선,신정(은행정),331250,52317,248177,49990,383567,298167
202008,5호선,신정(은행정),280072,46072,212036,44393,326144,256429
202009,5호선,신정(은행정),268313,44970,205106,43537,313283,248643
202010,5호선,신정(은행정),300983,50719,228494,48785,351702,277279
202011,5호선,신정(은행정),312061,50220,236814,48169,362281,284983
202012,5호선,신정(은행정),265820,42994,207671,41687,308814,249358
202001,2호선,신정네거리,215094,66633,222644,67447,281727,290091
202002,2호선,신정네거리,187069,50794,193053,52080,237863,245133
202003,2호선,신정네거리,157206,40555,163384,42511,197761,205895
202004,2호선,신정네거리,167234,47696,172312,49447,214930,221759
202005,2호선,신정네거리,183837,56363,191710,57990,240200,249700
202006,2호선,신정네거리,194688,54985,201317,56713,249673,258030
202007,2호선,신정네거리,210103,59019,215072,60315,269122,275387
202008,2호선,신정네거리,178375,50685,183342,52172,229060,235514
202009,2호선,신정네거리,169032,50427,174219,51796,219459,226015
202010,2호선,신정네거리,194405,56944,197908,58332,251349,256240
202011,2호선,신정네거리,198302,55405,202836,57267,253707,260103
202012,2호선,신정네거리,166544,46618,174011,48322,213162,222333
202001,7호선,신중동,368532,54921,367435,53184,423453,420619
202002,7호선,신중동,316162,39420,314190,38234,355582,352424
202003,7호선,신중동,278269,31842,279054,30722,310111,309776
202004,7호선,신중동,290361,36902,291382,35352,327263,326734
202005,7호선,신중동,304299,43466,306251,41687,347765,347938
202006,7호선,신중동,315366,40808,315328,39327,356174,354655
202007,7호선,신중동,345357,46257,346427,44482,391614,390909
202008,7호선,신중동,290823,39209,290305,37490,330032,327795
202009,7호선,신중동,276061,37459,275630,35872,313520,311502
202010,7호선,신중동,309256,44248,309516,42435,353504,351951
202011,7호선,신중동,317742,42916,315788,41602,360658,357390
202012,7호선,신중동,273837,35395,268848,34004,309232,302852
202001,장항선,신창(순천향대),28465,6936,27539,6437,35401,33976
202002,장항선,신창(순천향대),18995,4152,18386,3932,23147,22318
202003,장항선,신창(순천향대),15012,3567,14848,3457,18579,18305
202004,장항선,신창(순천향대),20036,4716,18924,4559,24752,23483
202005,장항선,신창(순천향대),31732,5929,30552,5548,37661,36100
202006,장항선,신창(순천향대),34834,5952,34115,5641,40786,39756
202007,장항선,신창(순천향대),33908,6018,31950,5722,39926,37672
202008,장항선,신창(순천향대),23993,5576,24077,5315,29569,29392
202009,장항선,신창(순천향대),26624,5277,25426,5097,31901,30523
202010,장항선,신창(순천향대),39144,6770,37577,6482,45914,44059
202011,장항선,신창(순천향대),38888,5286,38927,4923,44174,43850
202012,장항선,신창(순천향대),22822,4165,21190,3896,26987,25086
202001,2호선,신촌(2호선),1156227,131796,1188018,129131,1288023,1317149
202002,2호선,신촌(2호선),923819,96379,951184,93415,1020198,1044599
202003,2호선,신촌(2호선),671913,74738,701718,71717,746651,773435
202004,2호선,신촌(2호선),711282,85425,744171,81895,796707,826066
202005,2호선,신촌(2호선),744326,100726,778081,97229,845052,875310
202006,2호선,신촌(2호선),759225,101799,797383,99054,861024,896437
202007,2호선,신촌(2호선),880510,110215,933176,108430,990725,1041606
202008,2호선,신촌(2호선),736431,91577,773334,89473,828008,862807
202009,2호선,신촌(2호선),596545,85443,626474,82790,681988,709264
202010,2호선,신촌(2호선),745935,100277,787400,98415,846212,885815
202011,2호선,신촌(2호선),754575,100891,787856,98402,855466,886258
202012,2호선,신촌(2호선),580407,83587,598972,80591,663994,679563
202001,경의선,신촌(경의선),20746,3701,27136,4247,24447,31383
202002,경의선,신촌(경의선),16097,2939,21366,3391,19036,24757
202003,경의선,신촌(경의선),12285,2584,16483,2726,14869,19209
202004,경의선,신촌(경의선),13099,2845,17743,3087,15944,20830
202005,경의선,신촌(경의선),14668,3703,19510,3929,18371,23439
202006,경의선,신촌(경의선),16004,3342,21245,3634,19346,24879
202007,경의선,신촌(경의선),17857,3245,23657,3568,21102,27225
202008,경의선,신촌(경의선),14138,2666,18190,2779,16804,20969
202009,경의선,신촌(경의선),13204,2786,16991,2877,15990,19868
202010,경의선,신촌(경의선),16102,3048,20623,3429,19150,24052
202011,경의선,신촌(경의선),16537,3137,21510,3498,19674,25008
202012,경의선,신촌(경의선),14506,2604,17477,2789,17110,20266
202001,수인선,신포,38080,12337,39713,12867,50417,52580
202002,수인선,신포,29425,9261,30088,9562,38686,39650
202003,수인선,신포,25707,7579,27224,8249,33286,35473
202004,수인선,신포,27758,9017,29138,9548,36775,38686
202005,수인선,신포,30617,10498,31978,10925,41115,42903
202006,수인선,신포,33195,9849,34686,10068,43044,44754
202007,수인선,신포,35293,10543,37002,10954,45836,47956
202008,수인선,신포,27819,9340,28965,9437,37159,38402
202009,수인선,신포,28850,9599,29672,9844,38449,39516
202010,수인선,신포,36356,11331,36755,11534,47687,48289
202011,수인선,신포,35320,10420,35825,10733,45740,46558
202012,수인선,신포,27821,8974,27874,9005,36795,36879
202001,7호선,신풍,264330,65569,249713,66057,329899,315770
202002,7호선,신풍,224908,47654,212592,48483,272562,261075
202003,7호선,신풍,198321,38221,186250,39150,236542,225400
202004,7호선,신풍,210377,44618,196092,45462,254995,241554
202005,7호선,신풍,225828,52214,211392,52824,278042,264216
202006,7호선,신풍,236287,50330,219897,51048,286617,270945
202007,7호선,신풍,251166,54396,233779,55177,305562,288956
202008,7호선,신풍,218857,47184,204147,47961,266041,252108
202009,7호선,신풍,211254,46133,197057,47087,257387,244144
202010,7호선,신풍,237406,54051,220346,54132,291457,274478
202011,7호선,신풍,246945,53698,231102,54479,300643,285581
202012,7호선,신풍,212320,44733,202542,45483,257053,248025
202001,8호선,신흥,100291,45261,109645,47096,145552,156741
202002,8호선,신흥,86686,33929,94704,35691,120615,130395
202003,8호선,신흥,74285,26204,79231,27485,100489,106716
202004,8호선,신흥,76997,29255,81713,30735,106252,112448
202005,8호선,신흥,83941,34052,90735,35718,117993,126453
202006,8호선,신흥,86354,33298,92946,34984,119652,127930
202007,8호선,신흥,92080,34338,98109,35926,126418,134035
202008,8호선,신흥,80577,30574,85957,32162,111151,118119
202009,8호선,신흥,73620,29303,78687,30688,102923,109375
202010,8호선,신흥,83195,33194,89534,34271,116389,123805
202011,8호선,신흥,84560,32892,89958,34131,117452,124089
202012,8호선,신흥,75154,29005,81595,30279,104159,111874
202001,4호선,쌍문,763480,162121,672382,158928,925601,831310
202002,4호선,쌍문,665285,127242,589973,125757,792527,715730
202003,4호선,쌍문,589509,105559,525147,104773,695068,629920
202004,4호선,쌍문,603610,117781,528878,116388,721391,645266
202005,4호선,쌍문,640755,136015,564128,133383,776770,697511
202006,4호선,쌍문,668636,133164,586058,130649,801800,716707
202007,4호선,쌍문,705302,139353,614557,137057,844655,751614
202008,4호선,쌍문,593336,116645,522617,114769,709981,637386
202009,4호선,쌍문,565021,115673,503107,114075,680694,617182
202010,4호선,쌍문,633820,132840,555907,130200,766660,686107
202011,4호선,쌍문,649517,131566,573798,128776,781083,702574
202012,4호선,쌍문,555373,111145,505950,110518,666518,616468
202001,장항선,쌍용(나사렛대),43369,12188,40162,11387,55557,51549
202002,장항선,쌍용(나사렛대),33805,7960,31251,7378,41765,38629
202003,장항선,쌍용(나사렛대),25050,5793,23174,5467,30843,28641
202004,장항선,쌍용(나사렛대),31426,7701,28779,7126,39127,35905
202005,장항선,쌍용(나사렛대),40394,9985,37128,9358,50379,46486
202006,장항선,쌍용(나사렛대),44004,10349,40748,9754,54353,50502
202007,장항선,쌍용(나사렛대),40460,10333,37666,9826,50793,47492
202008,장항선,쌍용(나사렛대),32874,8336,30626,7993,41210,38619
202009,장항선,쌍용(나사렛대),34647,8026,32010,7708,42673,39718
202010,장항선,쌍용(나사렛대),45290,10332,42666,9888,55622,52554
202011,장항선,쌍용(나사렛대),41642,8748,38991,8281,50390,47272
202012,장항선,쌍용(나사렛대),34941,7520,32343,6993,42461,39336
202001,장항선,아산,74139,9742,64169,8988,83881,73157
202002,장항선,아산,53022,6471,47399,6072,59493,53471
202003,장항선,아산,36115,5046,32949,4840,41161,37789
202004,장항선,아산,46215,6560,42973,6207,52775,49180
202005,장항선,아산,60741,8660,53950,8131,69401,62081
202006,장항선,아산,63981,8603,57831,8241,72584,66072
202007,장항선,아산,67257,8731,62373,8286,75988,70659
202008,장항선,아산,59582,7641,53049,7285,67223,60334
202009,장항선,아산,52747,7597,49359,7219,60344,56578
202010,장항선,아산,71494,9010,63007,8390,80504,71397
202011,장항선,아산,71705,8184,63511,7628,79889,71139
202012,장항선,아산,54023,6840,50616,6598,60863,57214
202001,중앙선,아신,11779,5433,11673,5334,17212,17007
202002,중앙선,아신,8978,3808,8990,3760,12786,12750
202003,중앙선,아신,8585,3421,8372,3418,12006,11790
202004,중앙선,아신,10157,4686,9976,4663,14843,14639
202005,중앙선,아신,11738,5412,11324,5359,17150,16683
202006,중앙선,아신,11329,4924,10986,4884,16253,15870
202007,중앙선,아신,12119,5232,11799,5231,17351,17030
202008,중앙선,아신,9685,3989,9345,3897,13674,13242
202009,중앙선,아신,9450,4511,9446,4400,13961,13846
202010,중앙선,아신,12328,5685,11970,5692,18013,17662
202011,중앙선,아신,10494,4532,10820,4485,15026,15305
202012,중앙선,아신,7809,3226,7718,3248,11035,10966
202001,5호선,아차산(어린이대공원후문),328740,92765,319045,90460,421505,409505
202002,5호선,아차산(어린이대공원후문),286015,72967,278018,71685,358982,349703
202003,5호선,아차산(어린이대공원후문),254452,64887,251764,63101,319339,314865
202004,5호선,아차산(어린이대공원후문),271124,75309,269153,73799,346433,342952
202005,5호선,아차산(어린이대공원후문),296922,85391,293118,84160,382313,377278
202006,5호선,아차산(어린이대공원후문),308938,81187,300355,79828,390125,380183
202007,5호선,아차산(어린이대공원후문),319358,82940,307533,81403,402298,388936
202008,5호선,아차산(어린이대공원후문),263101,68508,257017,67375,331609,324392
202009,5호선,아차산(어린이대공원후문),260800,70063,257716,68667,330863,326383
202010,5호선,아차산(어린이대공원후문),305287,84813,300439,83069,390100,383508
202011,5호선,아차산(어린이대공원후문),297560,79223,291250,77855,376783,369105
202012,5호선,아차산(어린이대공원후문),252167,66609,252395,65900,318776,318295
202001,2호선,아현,230420,61988,219235,61443,292408,280678
202002,2호선,아현,196485,48084,186829,47755,244569,234584
202003,2호선,아현,163185,39097,156035,39076,202282,195111
202004,2호선,아현,172781,44133,163201,43693,216914,206894
202005,2호선,아현,192092,51938,180818,51554,244030,232372
202006,2호선,아현,209811,52159,196321,51452,261970,247773
202007,2호선,아현,221818,54904,205917,54343,276722,260260
202008,2호선,아현,183828,47428,172397,46985,231256,219382
202009,2호선,아현,180480,48276,170677,48038,228756,218715
202010,2호선,아현,207859,53904,194812,53169,261763,247981
202011,2호선,아현,213880,53933,201713,53299,267813,255012
202012,2호선,아현,171759,46253,167040,45923,218012,212963
202001,3호선,안국,581468,102087,607142,108715,683555,715857
202002,3호선,안국,451969,61694,470962,65051,513663,536013
202003,3호선,안국,328803,39176,349014,39762,367979,388776
202004,3호선,안국,355403,44665,380286,46550,400068,426836
202005,3호선,안국,401131,59372,432236,61205,460503,493441
202006,3호선,안국,430078,59372,452628,60180,489450,512808
202007,3호선,안국,473205,65871,500930,66917,539076,567847
202008,3호선,안국,367313,52438,385113,53000,419751,438113
202009,3호선,안국,332167,45225,352114,45713,377392,397827
202010,3호선,안국,428902,64268,464603,67354,493170,531957
202011,3호선,안국,450527,67847,477168,70133,518374,547301
202012,3호선,안국,312289,43248,320122,43407,355537,363529
202001,안산선,안산,380842,35053,348175,32697,415895,380872
202002,안산선,안산,278470,26561,247678,23865,305031,271543
202003,안산선,안산,241503,24772,212932,21988,266275,234920
202004,안산선,안산,253353,26941,228480,24314,280294,252794
202005,안산선,안산,286552,30883,262150,28546,317435,290696
202006,안산선,안산,287217,30529,260402,27825,317746,288227
202007,안산선,안산,299937,31645,272652,28816,331582,301468
202008,안산선,안산,271538,27611,249955,25187,299149,275142
202009,안산선,안산,265909,29069,243917,26268,294978,270185
202010,안산선,안산,312411,32685,279465,29638,345096,309103
202011,안산선,안산,299881,31740,270647,28483,331621,299130
202012,안산선,안산,259112,27362,238000,24791,286474,262791
202001,6호선,안암(고대병원앞),285937,34748,286863,33267,320685,320130
202002,6호선,안암(고대병원앞),228052,25126,229282,23847,253178,253129
202003,6호선,안암(고대병원앞),189846,21337,191847,20293,211183,212140
202004,6호선,안암(고대병원앞),193443,24637,197503,23468,218080,220971
202005,6호선,안암(고대병원앞),225341,28463,230353,27509,253804,257862
202006,6호선,안암(고대병원앞),248853,29983,253182,28223,278836,281405
202007,6호선,안암(고대병원앞),254710,31232,257058,29639,285942,286697
202008,6호선,안암(고대병원앞),198653,25233,201068,23857,223886,224925
202009,6호선,안암(고대병원앞),191710,25074,191430,23460,216784,214890
202010,6호선,안암(고대병원앞),225625,28111,230691,26767,253736,257458
202011,6호선,안암(고대병원앞),227089,28287,229363,27389,255376,256752
202012,6호선,안암(고대병원앞),172828,25951,171580,24464,198779,196044
202001,경부선,안양,583859,119237,585880,123848,703096,709728
202002,경부선,안양,476130,83103,471085,85704,559233,556789
202003,경부선,안양,393871,66156,392676,68939,460027,461615
202004,경부선,안양,430866,78637,431879,82093,509503,513972
202005,경부선,안양,476975,92955,473641,96539,569930,570180
202006,경부선,안양,509381,87433,501679,91332,596814,593011
202007,경부선,안양,526729,95659,520961,99176,622388,620137
202008,경부선,안양,433973,80529,429228,83552,514502,512780
202009,경부선,안양,415857,78328,415220,82266,494185,497486
202010,경부선,안양,539695,92323,534810,95859,632018,630669
202011,경부선,안양,539624,88933,537354,92281,628557,629635
202012,경부선,안양,408354,72919,409131,76185,481273,485316
202001,8호선,암사,446138,98581,385823,97405,544719,483228
202002,8호선,암사,388805,76454,335287,75712,465259,410999
202003,8호선,암사,340546,64037,293808,63856,404583,357664
202004,8호선,암사,354734,72547,305045,71850,427281,376895
202005,8호선,암사,382564,84498,329951,83382,467062,413333
202006,8호선,암사,408265,83746,349810,83029,492011,432839
202007,8호선,암사,430969,87900,366892,87028,518869,453920
202008,8호선,암사,361310,75445,313192,74648,436755,387840
202009,8호선,암사,346089,74566,300557,73615,420655,374172
202010,8호선,암사,388968,84985,334643,83461,473953,418104
202011,8호선,암사,401294,84250,348213,83004,485544,431217
202012,8호선,암사,343617,72329,304686,72083,415946,376769
202001,3호선,압구정,847908,137414,926089,136437,985322,1062526
202002,3호선,압구정,712406,97265,775511,94876,809671,870387
202003,3호선,압구정,574003,73952,624842,71270,647955,696112
202004,3호선,압구정,598084,83764,654235,81178,681848,735413
202005,3호선,압구정,655476,102763,714756,100400,758239,815156
202006,3호선,압구정,699458,105563,763224,102940,805021,866164
202007,3호선,압구정,766312,111665,838561,109059,877977,947620
202008,3호선,압구정,646521,92898,702626,90153,739419,792779
202009,3호선,압구정,605612,90593,654174,87743,696205,741917
202010,3호선,압구정,668067,105733,734324,103566,773800,837890
202011,3호선,압구정,686391,107288,748014,104198,793679,852212
202012,3호선,압구정,588229,87574,626386,84552,675803,710938
202001,분당선,압구정로데오,443353,40337,509183,39347,483690,548530
202002,분당선,압구정로데오,390410,32926,447718,31696,423336,479414
202003,분당선,압구정로데오,324625,26991,372267,26078,351616,398345
202004,분당선,압구정로데오,348781,29522,402113,28473,378303,430586
202005,분당선,압구정로데오,381632,34275,443842,33448,415907,477290
202006,분당선,압구정로데오,401077,36347,469477,35046,437424,504523
202007,분당선,압구정로데오,441879,38841,524783,37558,480720,562341
202008,분당선,압구정로데오,376021,33249,440199,31923,409270,472122
202009,분당선,압구정로데오,345308,32727,394981,31322,378035,426303
202010,분당선,압구정로데오,392115,37087,465928,35932,429202,501860
202011,분당선,압구정로데오,407310,37245,471325,36238,444555,507563
202012,분당선,압구정로데오,346919,33102,376688,31487,380021,408175
202001,5호선,애오개,164771,38893,167063,37684,203664,204747
202002,5호선,애오개,146740,29450,149318,28551,176190,177869
202003,5호선,애오개,125058,23189,126185,22471,148247,148656
202004,5호선,애오개,128509,26195,129104,25322,154704,154426
202005,5호선,애오개,137997,30369,138984,29422,168366,168406
202006,5호선,애오개,148800,29868,150504,29137,178668,179641
202007,5호선,애오개,158376,31354,159162,30422,189730,189584
202008,5호선,애오개,129197,26810,130607,26066,156007,156673
202009,5호선,애오개,121642,25870,122476,25210,147512,147686
202010,5호선,애오개,135596,29299,136278,28548,164895,164826
202011,5호선,애오개,141364,29997,142286,29421,171361,171707
202012,5호선,애오개,115862,23847,118130,23391,139709,141521
202001,경의선,야당,134582,27060,127314,26584,161642,153898
202002,경의선,야당,116083,20632,110750,20318,136715,131068
202003,경의선,야당,100632,18469,95811,18269,119101,114080
202004,경의선,야당,109134,21502,104410,21015,130636,125425
202005,경의선,야당,121882,26209,117163,25782,148091,142945
202006,경의선,야당,128758,25429,124525,24935,154187,149460
202007,경의선,야당,139617,27230,133551,26598,166847,160149
202008,경의선,야당,106907,20858,101431,20502,127765,121933
202009,경의선,야당,103962,22173,99545,21707,126135,121252
202010,경의선,야당,132781,26802,128550,25945,159583,154495
202011,경의선,야당,133404,25879,129242,25197,159283,154439
202012,경의선,야당,105978,20992,101086,20660,126970,121746
202009,수인선,야목,2612,1295,2557,1301,3907,3858
202010,수인선,야목,4163,1602,3747,1596,5765,5343
202011,수인선,야목,4081,1214,3504,1086,5295,4590
202012,수인선,야목,3372,842,2762,771,4214,3533
202001,분당선,야탑,680780,167264,721883,166594,848044,888477
202002,분당선,야탑,556392,115671,590752,115132,672063,705884
202003,분당선,야탑,424422,77334,447903,76417,501756,524320
202004,분당선,야탑,463441,93865,491539,93121,557306,584660
202005,분당선,야탑,517542,116763,550362,116557,634305,666919
202006,분당선,야탑,540418,113860,572627,114156,654278,686783
202007,분당선,야탑,580679,121601,614713,122256,702280,736969
202008,분당선,야탑,475946,100421,505151,99990,576367,605141
202009,분당선,야탑,444504,97907,473597,97845,542411,571442
202010,분당선,야탑,527001,119208,555862,119075,646209,674937
202011,분당선,야탑,539646,117525,572368,117471,657171,689839
202012,분당선,야탑,440912,95738,468701,95180,536650,563881
202001,3호선,약수(3호선),316268,81065,305352,77270,397333,382622
202002,3호선,약수(3호선),276198,61258,268630,58598,337456,327228
202003,3호선,약수(3호선),231801,50867,225949,48946,282668,274895
202004,3호선,약수(3호선),239480,56815,234528,54451,296295,288979
202005,3호선,약수(3호선),258587,67682,253891,64935,326269,318826
202006,3호선,약수(3호선),277126,67049,272552,64226,344175,336778
202007,3호선,약수(3호선),294465,72259,288980,69315,366724,358295
202008,3호선,약수(3호선),242647,61415,238119,59062,304062,297181
202009,3호선,약수(3호선),230144,60179,225844,57375,290323,283219
202010,3호선,약수(3호선),262711,68761,258390,65088,331472,323478
202011,3호선,약수(3호선),269779,68603,266775,65561,338382,332336
202012,3호선,약수(3호선),221761,56165,216865,53255,277926,270120
202001,6호선,약수(6호선),83141,24352,86312,23720,107493,110032
202002,6호선,약수(6호선),75418,18023,76920,17461,93441,94381
202003,6호선,약수(6호선),65133,14094,66163,13741,79227,79904
202004,6호선,약수(6호선),65952,16063,67123,15645,82015,82768
202005,6호선,약수(6호선),68687,19031,71792,18291,87718,90083
202006,6호선,약수(6호선),73612,18123,75546,17633,91735,93179
202007,6호선,약수(6호선),78864,19574,79752,18883,98438,98635
202008,6호선,약수(6호선),65817,17420,65474,16308,83237,81782
202009,6호선,약수(6호선),62545,17166,62216,16402,79711,78618
202010,6호선,약수(6호선),70199,18642,71667,18233,88841,89900
202011,6호선,약수(6호선),74552,19217,74578,18389,93769,92967
202012,6호선,약수(6호선),60976,15621,61838,15472,76597,77310
202001,중앙선,양수,38060,17189,38112,17423,55249,55535
202002,중앙선,양수,28137,12382,28085,12748,40519,40833
202003,중앙선,양수,26768,11801,26168,12030,38569,38198
202004,중앙선,양수,32519,16502,31947,16739,49021,48686
202005,중앙선,양수,36771,20149,35662,20300,56920,55962
202006,중앙선,양수,37065,20024,36995,20350,57089,57345
202007,중앙선,양수,46255,27003,46515,27408,73258,73923
202008,중앙선,양수,30258,15131,30183,15461,45389,45644
202009,중앙선,양수,30850,16603,31282,16887,47453,48169
202010,중앙선,양수,41508,21080,40669,21167,62588,61836
202011,중앙선,양수,34359,16290,34549,16534,50649,51083
202012,중앙선,양수,24275,11567,24283,11783,35842,36066
202001,중앙선,양원,28260,15098,28414,15488,43358,43902
202002,중앙선,양원,24133,11518,24806,12042,35651,36848
202003,중앙선,양원,19587,10293,19797,10385,29880,30182
202004,중앙선,양원,22066,11949,22547,12062,34015,34609
202005,중앙선,양원,25500,13328,26253,13434,38828,39687
202006,중앙선,양원,31508,13276,32774,13379,44784,46153
202007,중앙선,양원,34506,13688,35427,13994,48194,49421
202008,중앙선,양원,26696,11614,27174,11843,38310,39017
202009,중앙선,양원,25960,11858,27021,11991,37818,39012
202010,중앙선,양원,31056,13852,31701,14056,44908,45757
202011,중앙선,양원,30488,13241,30998,13338,43729,44336
202012,중앙선,양원,23368,10642,23535,10522,34010,34057
202001,3호선,양재(서초구청),975189,157281,1057684,159243,1132470,1216927
202002,3호선,양재(서초구청),853227,112180,926766,113191,965407,1039957
202003,3호선,양재(서초구청),701564,82558,762366,83093,784122,845459
202004,3호선,양재(서초구청),727613,92836,789736,94080,820449,883816
202005,3호선,양재(서초구청),790400,118047,865279,119721,908447,985000
202006,3호선,양재(서초구청),861336,120433,943860,121997,981769,1065857
202007,3호선,양재(서초구청),908486,128820,997997,129809,1037306,1127806
202008,3호선,양재(서초구청),733818,105084,805156,105871,838902,911027
202009,3호선,양재(서초구청),708346,97495,771600,98649,805841,870249
202010,3호선,양재(서초구청),798009,119977,880993,121485,917986,1002478
202011,3호선,양재(서초구청),849979,122491,932695,122921,972470,1055616
202012,3호선,양재(서초구청),699062,92861,754738,93191,791923,847929
202001,중앙선,양정,16107,6723,13561,5916,22830,19477
202002,중앙선,양정,14218,5563,12293,5088,19781,17381
202003,중앙선,양정,14015,6036,11945,5691,20051,17636
202004,중앙선,양정,14621,7543,12516,7097,22164,19613
202005,중앙선,양정,14902,8314,12797,7661,23216,20458
202006,중앙선,양정,15479,8039,13206,7433,23518,20639
202007,중앙선,양정,16003,8275,13508,7369,24278,20877
202008,중앙선,양정,13238,6990,11257,6281,20228,17538
202009,중앙선,양정,13425,7499,11774,6971,20924,18745
202010,중앙선,양정,14847,9590,12715,8881,24437,21596
202011,중앙선,양정,14302,7148,12064,6523,21450,18587
202012,중앙선,양정,12158,5057,10217,4546,17215,14763
202001,경원선,양주,194033,52889,175320,50626,246922,225946
202002,경원선,양주,159223,41345,144457,40488,200568,184945
202003,경원선,양주,134309,36180,124461,35807,170489,160268
202004,경원선,양주,136004,41856,126509,41669,177860,168178
202005,경원선,양주,156793,49335,143744,48490,206128,192234
202006,경원선,양주,162808,48193,150024,47581,211001,197605
202007,경원선,양주,169262,50447,154843,49419,219709,204262
202008,경원선,양주,140317,39419,128797,38776,179736,167573
202009,경원선,양주,136609,42581,127737,41960,179190,169697
202010,경원선,양주,163247,50546,149790,50265,213793,200055
202011,경원선,양주,161097,43783,148502,42995,204880,191497
202012,경원선,양주,128602,34422,121177,33768,163024,154945
202001,2호선,양천구청,160431,45787,168897,46480,206218,215377
202002,2호선,양천구청,135332,34003,143143,34985,169335,178128
202003,2호선,양천구청,109482,25830,115146,26342,135312,141488
202004,2호선,양천구청,117100,30390,121997,31013,147490,153010
202005,2호선,양천구청,130062,36220,135672,37188,166282,172860
202006,2호선,양천구청,136923,35672,143031,36423,172595,179454
202007,2호선,양천구청,148840,38296,154805,39224,187136,194029
202008,2호선,양천구청,120212,32127,126726,32973,152339,159699
202009,2호선,양천구청,113528,32253,120579,32888,145781,153467
202010,2호선,양천구청,133325,37460,138965,38111,170785,177076
202011,2호선,양천구청,135840,37410,143592,38202,173250,181794
202012,2호선,양천구청,109843,30430,119527,31349,140273,150876
202001,9호선,양천향교,209377,40380,214661,40379,249757,255040
202002,9호선,양천향교,184524,31834,191184,32532,216358,223716
202003,9호선,양천향교,161954,27054,168020,27695,189008,195715
202004,9호선,양천향교,174691,30589,178508,30751,205280,209259
202005,9호선,양천향교,180630,35588,185405,35597,216218,221002
202006,9호선,양천향교,193874,34798,199481,34896,228672,234377
202007,9호선,양천향교,201860,37172,205704,37202,239032,242906
202008,9호선,양천향교,175768,33042,180166,33063,208810,213229
202009,9호선,양천향교,169114,32455,172827,32163,201569,204990
202010,9호선,양천향교,190226,36369,193264,36114,226595,229378
202011,9호선,양천향교,201520,35860,205282,35505,237380,240787
202012,9호선,양천향교,168029,29921,173560,30017,197950,203577
202001,5호선,양평(5호선),167126,27796,164537,27492,194922,192029
202002,5호선,양평(5호선),154587,22979,152857,22633,177566,175490
202003,5호선,양평(5호선),139716,19267,139752,19111,158983,158863
202004,5호선,양평(5호선),142076,20998,140259,20865,163074,161124
202005,5호선,양평(5호선),147686,23891,145031,23760,171577,168791
202006,5호선,양평(5호선),161421,24289,158990,24274,185710,183264
202007,5호선,양평(5호선),170391,25521,167752,25283,195912,193035
202008,5호선,양평(5호선),139999,21742,139257,21522,161741,160779
202009,5호선,양평(5호선),135986,21381,135155,21190,157367,156345
202010,5호선,양평(5호선),148369,23030,146680,22673,171399,169353
202011,5호선,양평(5호선),157824,23867,155971,23550,181691,179521
202012,5호선,양평(5호선),139485,20471,140896,20309,159956,161205
202001,중앙선,양평(중앙선),63231,30793,64149,30880,94024,95029
202002,중앙선,양평(중앙선),45487,19982,46374,20046,65469,66420
202003,중앙선,양평(중앙선),38510,17214,38358,17280,55724,55638
202004,중앙선,양평(중앙선),43537,22115,43991,22626,65652,66617
202005,중앙선,양평(중앙선),50714,27718,50233,28045,78432,78278
202006,중앙선,양평(중앙선),51694,26772,51578,27199,78466,78777
202007,중앙선,양평(중앙선),56899,27676,57230,28063,84575,85293
202008,중앙선,양평(중앙선),46154,22012,45614,22119,68166,67733
202009,중앙선,양평(중앙선),41774,22713,42108,22888,64487,64996
202010,중앙선,양평(중앙선),56139,29111,54235,29367,85250,83602
202011,중앙선,양평(중앙선),49474,24709,50183,25293,74183,75476
202012,중앙선,양평(중앙선),34344,16842,34493,16672,51186,51165
202001,7호선,어린이대공원(세종대),324353,37143,313781,36841,361496,350622
202002,7호선,어린이대공원(세종대),264343,28301,256809,28284,292644,285093
202003,7호선,어린이대공원(세종대),225115,24247,220668,24380,249362,245048
202004,7호선,어린이대공원(세종대),234078,28075,229989,28084,262153,258073
202005,7호선,어린이대공원(세종대),264125,31915,261715,31411,296040,293126
202006,7호선,어린이대공원(세종대),270761,31895,266293,31490,302656,297783
202007,7호선,어린이대공원(세종대),281089,34357,270270,33757,315446,304027
202008,7호선,어린이대공원(세종대),239834,28281,229980,27714,268115,257694
202009,7호선,어린이대공원(세종대),234848,27639,225564,26913,262487,252477
202010,7호선,어린이대공원(세종대),277963,33254,274707,32916,311217,307623
202011,7호선,어린이대공원(세종대),295510,32014,290210,31788,327524,321998
202012,7호선,어린이대공원(세종대),234253,25325,228078,25143,259578,253221
202009,수인선,어천,6117,2024,5712,2004,8141,7716
202010,수인선,어천,11869,3216,10839,3361,15085,14200
202011,수인선,어천,12559,2826,11691,2994,15385,14685
202012,수인선,어천,10189,2181,9895,2372,12370,12267
202001,9호선2~3단계,언주,242772,24844,241782,24710,267616,266492
202002,9호선2~3단계,언주,213622,19865,214559,19599,233487,234158
202003,9호선2~3단계,언주,181198,15940,182779,15684,197138,198463
202004,9호선2~3단계,언주,184170,16729,185046,16460,200899,201506
202005,9호선2~3단계,언주,195575,19771,196066,19328,215346,215394
202006,9호선2~3단계,언주,216384,21476,217706,20965,237860,238671
202007,9호선2~3단계,언주,234097,22587,236474,22390,256684,258864
202008,9호선2~3단계,언주,201816,19606,203982,19113,221422,223095
202009,9호선2~3단계,언주,187049,18717,187455,18391,205766,205846
202010,9호선2~3단계,언주,202933,20938,208251,20937,223871,229188
202011,9호선2~3단계,언주,218032,21553,221298,21398,239585,242696
202012,9호선2~3단계,언주,188607,19207,189206,18827,207814,208033
202001,5호선,여의나루,184772,24509,192126,23201,209281,215327
202002,5호선,여의나루,164887,19572,172322,18294,184459,190616
202003,5호선,여의나루,225644,16561,239281,15714,242205,254995
202004,5호선,여의나루,230484,19168,238790,17808,249652,256598
202005,5호선,여의나루,257613,23117,266305,21738,280730,288043
202006,5호선,여의나루,253793,22929,258438,21789,276722,280227
202007,5호선,여의나루,265657,24096,267869,22934,289753,290803
202008,5호선,여의나루,148702,19350,151867,18513,168052,170380
202009,5호선,여의나루,159190,17425,162430,16656,176615,179086
202010,5호선,여의나루,205729,21587,211729,20485,227316,232214
202011,5호선,여의나루,173856,21091,178613,20137,194947,198750
202012,5호선,여의나루,130804,16433,133978,15702,147237,149680
202001,5호선,여의도(5호선),633856,50073,676060,47531,683929,723591
202002,5호선,여의도(5호선),575597,40322,613334,37133,615919,650467
202003,5호선,여의도(5호선),501766,33865,530315,30833,535631,561148
202004,5호선,여의도(5호선),504681,35484,540484,32545,540165,573029
202005,5호선,여의도(5호선),530125,40705,568384,38239,570830,606623
202006,5호선,여의도(5호선),582939,42380,627946,39072,625319,667018
202007,5호선,여의도(5호선),619955,44980,670873,41780,664935,712653
202008,5호선,여의도(5호선),505514,37847,545413,35148,543361,580561
202009,5호선,여의도(5호선),479847,35798,511308,32997,515645,544305
202010,5호선,여의도(5호선),528059,39958,567154,37409,568017,604563
202011,5호선,여의도(5호선),572828,41185,610816,38568,614013,649384
202012,5호선,여의도(5호선),487928,36528,508036,32921,524456,540957
202001,9호선,여의도(9호선),589544,42504,566774,39385,632048,606159
202002,9호선,여의도(9호선),519744,32499,504041,30228,552243,534269
202003,9호선,여의도(9호선),435679,25219,424391,23162,460898,447553
202004,9호선,여의도(9호선),454566,27576,441655,25891,482142,467546
202005,9호선,여의도(9호선),486924,32956,473755,30610,519880,504365
202006,9호선,여의도(9호선),540468,34136,527635,31788,574604,559423
202007,9호선,여의도(9호선),581812,37014,563844,34255,618826,598099
202008,9호선,여의도(9호선),481521,31142,464159,28520,512663,492679
202009,9호선,여의도(9호선),438847,28900,424358,26507,467747,450865
202010,9호선,여의도(9호선),493999,33390,480681,31247,527389,511928
202011,9호선,여의도(9호선),524073,34742,504168,32231,558815,536399
202012,9호선,여의도(9호선),426020,29366,408737,26991,455386,435728
202001,경강선,여주,48319,13644,46805,13404,61963,60209
202002,경강선,여주,34551,9193,34608,9044,43744,43652
202003,경강선,여주,27169,7116,27583,6989,34285,34572
202004,경강선,여주,33142,9699,34768,9670,42841,44438
202005,경강선,여주,41421,12489,42428,12153,53910,54581
202006,경강선,여주,43973,11733,45068,11760,55706,56828
202007,경강선,여주,47826,12092,48416,12128,59918,60544
202008,경강선,여주,31995,9178,32987,9245,41173,42232
202009,경강선,여주,31944,9878,34523,9933,41822,44456
202010,경강선,여주,50148,14205,49380,13655,64353,63035
202011,경강선,여주,49885,11613,51031,11420,61498,62451
202012,경강선,여주,29253,7667,30380,7473,36920,37853
202001,경인선,역곡,692938,148510,675120,151834,841448,826954
202002,경인선,역곡,579132,112575,568068,115128,691707,683196
202003,경인선,역곡,503076,94364,493748,96740,597440,590488
202004,경인선,역곡,526981,108041,517333,110670,635022,628003
202005,경인선,역곡,570765,127323,561954,129761,698088,691715
202006,경인선,역곡,589413,120489,578438,123459,709902,701897
202007,경인선,역곡,626055,127317,612571,129796,753372,742367
202008,경인선,역곡,522934,110099,514657,112663,633033,627320
202009,경인선,역곡,509029,109236,501683,111389,618265,613072
202010,경인선,역곡,607674,127182,589822,128830,734856,718652
202011,경인선,역곡,613411,124077,599168,126405,737488,725573
202012,경인선,역곡,493766,105208,491088,107844,598974,598932
202001,2호선,역삼,1228226,154515,1374812,156941,1382741,1531753
202002,2호선,역삼,1117200,128894,1249856,130532,1246094,1380388
202003,2호선,역삼,919746,109908,1026471,110584,1029654,1137055
202004,2호선,역삼,935717,115249,1047340,116340,1050966,1163680
202005,2호선,역삼,980725,130408,1099090,131735,1111133,1230825
202006,2호선,역삼,1088672,130358,1224860,132087,1219030,1356947
202007,2호선,역삼,1183290,137905,1334011,139474,1321195,1473485
202008,2호선,역삼,968329,118570,1084179,119565,1086899,1203744
202009,2호선,역삼,888150,109201,986847,109433,997351,1096280
202010,2호선,역삼,963598,121859,1087474,123353,1085457,1210827
202011,2호선,역삼,1053138,125579,1175501,126605,1178717,1302106
202012,2호선,역삼,895543,108055,970967,107674,1003598,1078641
202001,6호선,역촌,80864,34769,97700,32872,115633,130572
202002,6호선,역촌,70867,26122,85973,25704,96989,111677
202003,6호선,역촌,61583,19303,76616,19169,80886,95785
202004,6호선,역촌,61851,21777,76331,21422,83628,97753
202005,6호선,역촌,66967,27849,83126,27224,94816,110350
202006,6호선,역촌,70362,27962,85319,26681,98324,112000
202007,6호선,역촌,75703,30232,90766,28562,105935,119328
202008,6호선,역촌,66230,26172,78960,24691,92402,103651
202009,6호선,역촌,62342,24515,76060,23525,86857,99585
202010,6호선,역촌,68575,27438,83135,26335,96013,109470
202011,6호선,역촌,70604,27044,85342,25795,97648,111137
202012,6호선,역촌,61506,21485,75309,20938,82991,96247
202001,수인선,연수,114280,28832,115188,28874,143112,144062
202002,수인선,연수,93685,22236,95348,22460,115921,117808
202003,수인선,연수,76681,16393,77460,16468,93074,93928
202004,수인선,연수,79115,19256,80299,18867,98371,99166
202005,수인선,연수,85683,23833,86889,23726,109516,110615
202006,수인선,연수,90253,21822,92436,21736,112075,114172
202007,수인선,연수,96899,23578,98767,23481,120477,122248
202008,수인선,연수,83132,20424,85098,20319,103556,105417
202009,수인선,연수,80840,20420,80508,20215,101260,100723
202010,수인선,연수,97118,23677,96732,23484,120795,120216
202011,수인선,연수,95387,23228,94387,22929,118615,117316
202012,수인선,연수,78578,18244,77567,18189,96822,95756
202001,3호선,연신내(3호선),921788,272733,875564,264789,1194521,1140353
202002,3호선,연신내(3호선),802366,207328,754851,202223,1009694,957074
202003,3호선,연신내(3호선),700508,165768,656975,162130,866276,819105
202004,3호선,연신내(3호선),730185,193010,682874,187551,923195,870425
202005,3호선,연신내(3호선),783230,226072,736628,219946,1009302,956574
202006,3호선,연신내(3호선),815800,219526,758646,212559,1035326,971205
202007,3호선,연신내(3호선),858013,230051,796213,221508,1088064,1017721
202008,3호선,연신내(3호선),715999,194981,667263,188214,910980,855477
202009,3호선,연신내(3호선),684600,195957,634595,188778,880557,823373
202010,3호선,연신내(3호선),784466,222459,727440,212645,1006925,940085
202011,3호선,연신내(3호선),784350,215557,727106,207004,999907,934110
202012,3호선,연신내(3호선),660401,179204,616738,173704,839605,790442
202001,6호선,연신내(6호선),15,1,0,0,16,0
202002,6호선,연신내(6호선),17,2,0,0,19,0
202003,6호선,연신내(6호선),9,2,0,0,11,0
202004,6호선,연신내(6호선),12,2,0,0,14,0
202005,6호선,연신내(6호선),12,6,0,0,18,0
202006,6호선,연신내(6호선),16,5,0,0,21,0
202007,6호선,연신내(6호선),16,6,0,0,22,0
202008,6호선,연신내(6호선),16,3,0,0,19,0
202009,6호선,연신내(6호선),16,1,0,0,17,0
202010,6호선,연신내(6호선),15,0,0,0,15,0
202011,6호선,연신내(6호선),13,2,0,0,15,0
202012,6호선,연신내(6호선),6,3,0,0,9,0
202001,9호선,염창,426975,66334,408275,65246,493309,473521
202002,9호선,염창,371474,51529,358563,51064,423003,409627
202003,9호선,염창,318668,42334,312086,42419,361002,354505
202004,9호선,염창,334627,47862,322341,47640,382489,369981
202005,9호선,염창,360163,55635,347525,55510,415798,403035
202006,9호선,염창,381958,54349,367743,53795,436307,421538
202007,9호선,염창,408138,58556,391508,57884,466694,449392
202008,9호선,염창,348671,50974,335775,50654,399645,386429
202009,9호선,염창,322664,49284,313643,48576,371948,362219
202010,9호선,염창,369133,57802,357437,56787,426935,414224
202011,9호선,염창,378979,56759,369932,56053,435738,425985
202012,9호선,염창,314291,47412,311969,47209,361703,359178
202001,경부선,영등포,1177507,281191,1226386,280121,1458698,1506507
202002,경부선,영등포,880993,185437,922465,184471,1066430,1106936
202003,경부선,영등포,685213,128904,715165,128464,814117,843629
202004,경부선,영등포,756695,155686,794174,154708,912381,948882
202005,경부선,영등포,867045,192731,905453,192231,1059776,1097684
202006,경부선,영등포,867721,181852,911128,180954,1049573,1092082
202007,경부선,영등포,937670,194692,988647,194947,1132362,1183594
202008,경부선,영등포,825563,176196,861092,175283,1001759,1036375
202009,경부선,영등포,728234,152955,759419,151723,881189,911142
202010,경부선,영등포,870656,193709,915719,194152,1064365,1109871
202011,경부선,영등포,872835,190125,913628,189715,1062960,1103343
202012,경부선,영등포,701769,143666,724356,142623,845435,866979
202001,2호선,영등포구청(2호선),532800,100413,541463,99212,633213,640675
202002,2호선,영등포구청(2호선),487213,78134,494027,77260,565347,571287
202003,2호선,영등포구청(2호선),426488,64992,435127,64615,491480,499742
202004,2호선,영등포구청(2호선),437783,71551,447232,71102,509334,518334
202005,2호선,영등포구청(2호선),456930,82106,468729,81463,539036,550192
202006,2호선,영등포구청(2호선),493841,83256,504158,82074,577097,586232
202007,2호선,영등포구청(2호선),520446,88933,532842,88388,609379,621230
202008,2호선,영등포구청(2호선),434911,74593,443502,73670,509504,517172
202009,2호선,영등포구청(2호선),421578,73345,429591,73116,494923,502707
202010,2호선,영등포구청(2호선),466416,81983,478453,81251,548399,559704
202011,2호선,영등포구청(2호선),493039,83498,501247,82124,576537,583371
202012,2호선,영등포구청(2호선),423422,73508,430129,72319,496930,502448
202001,5호선,영등포구청(5호선),84879,19686,86038,19440,104565,105478
202002,5호선,영등포구청(5호선),77889,15676,79153,15320,93565,94473
202003,5호선,영등포구청(5호선),71527,13544,72293,13137,85071,85430
202004,5호선,영등포구청(5호선),72291,14783,72009,14268,87074,86277
202005,5호선,영등포구청(5호선),76573,17002,76115,16516,93575,92631
202006,5호선,영등포구청(5호선),83305,16949,83898,16476,100254,100374
202007,5호선,영등포구청(5호선),88749,18267,88600,17582,107016,106182
202008,5호선,영등포구청(5호선),73167,14745,73069,14450,87912,87519
202009,5호선,영등포구청(5호선),72479,15084,73198,14810,87563,88008
202010,5호선,영등포구청(5호선),79321,16902,79797,16532,96223,96329
202011,5호선,영등포구청(5호선),82123,17012,83332,16884,99135,100216
202012,5호선,영등포구청(5호선),71368,14640,72044,14594,86008,86638
202001,5호선,영등포시장,210279,80540,221045,82211,290819,303256
202002,5호선,영등포시장,185708,56114,193820,57154,241822,250974
202003,5호선,영등포시장,157179,39017,161998,39686,196196,201684
202004,5호선,영등포시장,161493,43523,166189,44410,205016,210599
202005,5호선,영등포시장,170890,51831,177586,53022,222721,230608
202006,5호선,영등포시장,177725,48347,185398,49696,226072,235094
202007,5호선,영등포시장,191376,52508,198109,53324,243884,251433
202008,5호선,영등포시장,162480,46590,167060,47448,209070,214508
202009,5호선,영등포시장,154009,41864,158747,42839,195873,201586
202010,5호선,영등포시장,174227,50647,180978,51392,224874,232370
202011,5호선,영등포시장,184739,52155,192240,53104,236894,245344
202012,5호선,영등포시장,161297,41725,168129,42115,203022,210244
202001,공항철도 1호선,영종,69710,16117,71717,16685,85827,88402
202002,공항철도 1호선,영종,54744,11385,55960,11792,66129,67752
202003,공항철도 1호선,영종,46415,9666,47359,10017,56081,57376
202004,공항철도 1호선,영종,51495,12683,52231,12792,64178,65023
202005,공항철도 1호선,영종,57928,15019,58675,15186,72947,73861
202006,공항철도 1호선,영종,59820,14431,60451,14644,74251,75095
202007,공항철도 1호선,영종,66388,15576,67320,15687,81964,83007
202008,공항철도 1호선,영종,58709,13215,58701,13236,71924,71937
202009,공항철도 1호선,영종,52452,13530,53507,13577,65982,67084
202010,공항철도 1호선,영종,63265,15953,64233,15969,79218,80202
202011,공항철도 1호선,영종,61730,14928,62265,15090,76658,77355
202012,공항철도 1호선,영종,48391,12163,49593,12113,60554,61706
202001,분당선,영통,234844,30985,236636,30845,265829,267481
202002,분당선,영통,187999,21211,190158,21199,209210,211357
202003,분당선,영통,139793,14860,142683,14971,154653,157654
202004,분당선,영통,155381,17295,157625,17322,172676,174947
202005,분당선,영통,174935,21948,180023,22298,196883,202321
202006,분당선,영통,185118,21553,191163,22020,206671,213183
202007,분당선,영통,201499,22933,207462,23419,224432,230881
202008,분당선,영통,166782,19408,172011,19837,186190,191848
202009,분당선,영통,151145,18907,155233,18993,170052,174226
202010,분당선,영통,186750,22874,190519,22812,209624,213331
202011,분당선,영통,192206,22875,198003,23325,215081,221328
202012,분당선,영통,147847,19019,151122,19031,166866,170153
202001,3호선,오금(3호선),161670,27655,141396,26349,189325,167745
202002,3호선,오금(3호선),140851,20806,123058,19539,161657,142597
202003,3호선,오금(3호선),118121,16826,102224,15852,134947,118076
202004,3호선,오금(3호선),122099,19024,106890,18207,141123,125097
202005,3호선,오금(3호선),132238,22940,118372,22200,155178,140572
202006,3호선,오금(3호선),142948,23488,126125,22513,166436,148638
202007,3호선,오금(3호선),150690,25131,133650,23839,175821,157489
202008,3호선,오금(3호선),123680,20629,109753,19965,144309,129718
202009,3호선,오금(3호선),117244,19913,104274,19378,137157,123652
202010,3호선,오금(3호선),132462,23414,118645,22571,155876,141216
202011,3호선,오금(3호선),137124,23230,122454,22056,160354,144510
202012,3호선,오금(3호선),113017,18269,101167,17401,131286,118568
202001,5호선,오금(5호선),81445,18653,81487,18159,100098,99646
202002,5호선,오금(5호선),73411,14492,73967,14287,87903,88254
202003,5호선,오금(5호선),64525,11813,64998,11978,76338,76976
202004,5호선,오금(5호선),67175,13527,66342,13296,80702,79638
202005,5호선,오금(5호선),74830,16521,72342,15900,91351,88242
202006,5호선,오금(5호선),83795,16066,80937,15614,99861,96551
202007,5호선,오금(5호선),87212,16803,84238,16184,104015,100422
202008,5호선,오금(5호선),71579,14579,69683,14035,86158,83718
202009,5호선,오금(5호선),69583,14169,68239,13546,83752,81785
202010,5호선,오금(5호선),78516,16181,76095,15582,94697,91677
202011,5호선,오금(5호선),81444,15947,79248,15196,97391,94444
202012,5호선,오금(5호선),67107,12919,65422,12235,80026,77657
202001,경인선,오류동,277004,94616,251907,92547,371620,344454
202002,경인선,오류동,233009,70718,216914,70093,303727,287007
202003,경인선,오류동,200357,54128,185327,53541,254485,238868
202004,경인선,오류동,209771,61800,194617,60897,271571,255514
202005,경인선,오류동,230422,74017,214553,72688,304439,287241
202006,경인선,오류동,239392,71201,222090,70129,310593,292219
202007,경인선,오류동,252646,76233,232095,74790,328879,306885
202008,경인선,오류동,214871,65246,198296,63727,280117,262023
202009,경인선,오류동,207679,64511,192014,62943,272190,254957
202010,경인선,오류동,236849,74947,217005,72531,311796,289536
202011,경인선,오류동,241319,74353,222029,72374,315672,294403
202012,경인선,오류동,203485,61647,191996,60778,265132,252774
202001,분당선,오리,286700,80733,242073,69218,367433,311291
202002,분당선,오리,244878,56122,207117,47823,301000,254940
202003,분당선,오리,194978,41983,164511,36702,236961,201213
202004,분당선,오리,205746,48429,172328,42020,254175,214348
202005,분당선,오리,223962,59510,188079,51734,283472,239813
202006,분당선,오리,239291,59551,203318,51379,298842,254697
202007,분당선,오리,256642,63888,217475,55075,320530,272550
202008,분당선,오리,211461,52495,179180,45412,263956,224592
202009,분당선,오리,202769,53044,170762,46725,255813,217487
202010,분당선,오리,230203,61695,194318,53362,291898,247680
202011,분당선,오리,238541,62135,201937,54430,300676,256367
202012,분당선,오리,201288,49974,169613,43709,251262,213322
202001,5호선,오목교(목동운동장앞),617073,85135,669999,84530,702208,754529
202002,5호선,오목교(목동운동장앞),541249,64404,583704,63869,605653,647573
202003,5호선,오목교(목동운동장앞),430582,51263,464963,50965,481845,515928
202004,5호선,오목교(목동운동장앞),450734,56652,485393,56426,507386,541819
202005,5호선,오목교(목동운동장앞),489471,68530,533069,68096,558001,601165
202006,5호선,오목교(목동운동장앞),508125,67796,556319,67192,575921,623511
202007,5호선,오목교(목동운동장앞),547435,73448,600481,73214,620883,673695
202008,5호선,오목교(목동운동장앞),463631,61430,508773,61103,525061,569876
202009,5호선,오목교(목동운동장앞),421927,59219,461903,58899,481146,520802
202010,5호선,오목교(목동운동장앞),496401,69527,543936,69294,565928,613230
202011,5호선,오목교(목동운동장앞),510814,69280,560059,68923,580094,628982
202012,5호선,오목교(목동운동장앞),411185,56843,447336,56533,468028,503869
202009,수인선,오목천,26684,5233,24463,5430,31917,29893
202010,수인선,오목천,55467,8934,48415,8922,64401,57337
202011,수인선,오목천,56043,8176,48567,8260,64219,56827
202012,수인선,오목천,40226,6465,38063,6662,46691,44725
202001,중앙선,오빈,5191,3541,5269,3529,8732,8798
202002,중앙선,오빈,4019,2410,3949,2460,6429,6409
202003,중앙선,오빈,3619,2455,3580,2489,6074,6069
202004,중앙선,오빈,4257,3286,4057,3267,7543,7324
202005,중앙선,오빈,4854,3595,4650,3600,8449,8250
202006,중앙선,오빈,4645,3401,4626,3444,8046,8070
202007,중앙선,오빈,5049,3626,5024,3622,8675,8646
202008,중앙선,오빈,4072,2850,3920,2903,6922,6823
202009,중앙선,오빈,3948,2984,3968,3072,6932,7040
202010,중앙선,오빈,5316,3714,4972,3890,9030,8862
202011,중앙선,오빈,4515,3158,4418,3304,7673,7722
202012,중앙선,오빈,3549,2248,3412,2317,5797,5729
202001,경부선,오산,257757,44599,255278,45568,302356,300846
202002,경부선,오산,195543,31253,192077,32120,226796,224197
202003,경부선,오산,160788,25542,159974,25994,186330,185968
202004,경부선,오산,179405,28084,175831,28993,207489,204824
202005,경부선,오산,208710,35326,207317,36419,244036,243736
202006,경부선,오산,215543,34689,212118,35831,250232,247949
202007,경부선,오산,225190,35969,221192,36884,261159,258076
202008,경부선,오산,195522,30232,195069,30535,225754,225604
202009,경부선,오산,187620,30253,185735,31418,217873,217153
202010,경부선,오산,231219,36608,225340,37653,267827,262993
202011,경부선,오산,227254,35127,222453,36173,262381,258626
202012,경부선,오산,186375,28447,186508,29093,214822,215601
202001,경부선,오산대,70647,13726,60630,13029,84373,73659
202002,경부선,오산대,55276,9445,48716,8972,64721,57688
202003,경부선,오산대,48422,8066,42252,7506,56488,49758
202004,경부선,오산대,54399,9871,48603,9488,64270,58091
202005,경부선,오산대,65169,12780,58471,12112,77949,70583
202006,경부선,오산대,70562,12125,65176,11629,82687,76805
202007,경부선,오산대,69029,13046,62501,12464,82075,74965
202008,경부선,오산대,58173,10494,53489,10014,68667,63503
202009,경부선,오산대,58960,11076,54816,10548,70036,65364
202010,경부선,오산대,75459,14833,70608,14248,90292,84856
202011,경부선,오산대,71715,13093,66290,12367,84808,78657
202012,경부선,오산대,58276,9891,53382,9521,68167,62903
202001,안산선,오이도,246074,36039,235498,35206,282113,270704
202002,안산선,오이도,196764,24494,187681,23809,221258,211490
202003,안산선,오이도,167904,21318,161024,20766,189222,181790
202004,안산선,오이도,182902,27236,177651,27055,210138,204706
202005,안산선,오이도,202270,33041,196883,32808,235311,229691
202006,안산선,오이도,206969,31636,200699,31162,238605,231861
202007,안산선,오이도,219656,32339,212630,31684,251995,244314
202008,안산선,오이도,184389,29176,179154,28632,213565,207786
202009,안산선,오이도,177310,28228,174111,28049,205538,202160
202010,안산선,오이도,216649,35174,211640,35240,251823,246880
202011,안산선,오이도,205184,28704,199004,28212,233888,227216
202012,안산선,오이도,161457,22363,157641,21808,183820,179449
202001,3호선,옥수(3호선),221413,54919,228901,55639,276332,284540
202002,3호선,옥수(3호선),185294,41235,192768,41446,226529,234214
202003,3호선,옥수(3호선),154985,34401,160184,34608,189386,194792
202004,3호선,옥수(3호선),169584,39502,173782,39810,209086,213592
202005,3호선,옥수(3호선),189380,47990,194701,48031,237370,242732
202006,3호선,옥수(3호선),196952,47892,204957,47777,244844,252734
202007,3호선,옥수(3호선),211365,52035,219384,51693,263400,271077
202008,3호선,옥수(3호선),172293,42820,179736,42944,215113,222680
202009,3호선,옥수(3호선),164659,42764,171191,42755,207423,213946
202010,3호선,옥수(3호선),191109,49370,197075,49776,240479,246851
202011,3호선,옥수(3호선),191154,47222,198401,47359,238376,245760
202012,3호선,옥수(3호선),150052,38560,159458,38747,188612,198205
202001,경원선,옥수(중앙선),1384,88,854,73,1472,927
202002,경원선,옥수(중앙선),999,71,669,66,1070,735
202003,경원선,옥수(중앙선),853,65,513,55,918,568
202004,경원선,옥수(중앙선),923,82,639,60,1005,699
202005,경원선,옥수(중앙선),1264,98,784,91,1362,875
202006,경원선,옥수(중앙선),1267,103,804,71,1370,875
202007,경원선,옥수(중앙선),1410,103,1065,94,1513,1159
202008,경원선,옥수(중앙선),1083,80,852,85,1163,937
202009,경원선,옥수(중앙선),939,94,690,74,1033,764
202010,경원선,옥수(중앙선),1230,86,847,75,1316,922
202011,경원선,옥수(중앙선),1459,82,834,73,1541,907
202012,경원선,옥수(중앙선),1060,49,627,51,1109,678
202001,7호선,온수(성공회대입구) 7호선,247081,37675,234700,36796,284756,271496
202002,7호선,온수(성공회대입구) 7호선,224614,29828,209401,29035,254442,238436
202003,7호선,온수(성공회대입구) 7호선,199865,25386,186447,24273,225251,210720
202004,7호선,온수(성공회대입구) 7호선,205575,28147,192065,26574,233722,218639
202005,7호선,온수(성공회대입구) 7호선,218437,32138,205632,30569,250575,236201
202006,7호선,온수(성공회대입구) 7호선,242832,31880,226318,30526,274712,256844
202007,7호선,온수(성공회대입구) 7호선,255674,33880,237294,32454,289554,269748
202008,7호선,온수(성공회대입구) 7호선,209262,29556,194015,28382,238818,222397
202009,7호선,온수(성공회대입구) 7호선,209073,30147,192481,28756,239220,221237
202010,7호선,온수(성공회대입구) 7호선,235506,33348,218828,32338,268854,251166
202011,7호선,온수(성공회대입구) 7호선,244127,33137,226569,31898,277264,258467
202012,7호선,온수(성공회대입구) 7호선,203963,28285,189198,26712,232248,215910
202001,경인선,온수(성공회대입구) 1호선,153334,47582,149076,45968,200916,195044
202002,경인선,온수(성공회대입구) 1호선,126006,34277,124352,33911,160283,158263
202003,경인선,온수(성공회대입구) 1호선,104713,26860,101954,26812,131573,128766
202004,경인선,온수(성공회대입구) 1호선,111789,31198,109388,31220,142987,140608
202005,경인선,온수(성공회대입구) 1호선,124604,37833,121126,37584,162437,158710
202006,경인선,온수(성공회대입구) 1호선,138754,37611,134604,37367,176365,171971
202007,경인선,온수(성공회대입구) 1호선,150220,40449,144783,39541,190669,184324
202008,경인선,온수(성공회대입구) 1호선,122342,34081,118177,33337,156423,151514
202009,경인선,온수(성공회대입구) 1호선,118363,35680,114565,34872,154043,149437
202010,경인선,온수(성공회대입구) 1호선,144209,40588,135859,39568,184797,175427
202011,경인선,온수(성공회대입구) 1호선,143988,39555,137590,38685,183543,176275
202012,경인선,온수(성공회대입구) 1호선,110346,32155,107952,32099,142501,140051
202001,장항선,온양온천,81542,62391,82152,62960,143933,145112
202002,장항선,온양온천,53923,29698,54389,30707,83621,85096
202003,장항선,온양온천,39153,20441,39544,21125,59594,60669
202004,장항선,온양온천,49990,27967,50586,28903,77957,79489
202005,장항선,온양온천,63564,36526,64181,37174,100090,101355
202006,장항선,온양온천,62448,33694,63267,34779,96142,98046
202007,장항선,온양온천,67357,35340,67480,36190,102697,103670
202008,장항선,온양온천,60207,30475,60435,31352,90682,91787
202009,장항선,온양온천,53181,29405,54691,30496,82586,85187
202010,장항선,온양온천,68511,38579,68732,39661,107090,108393
202011,장항선,온양온천,64256,31906,65971,32968,96162,98939
202012,장항선,온양온천,53578,26074,54847,26736,79652,81583
202001,5호선,올림픽공원(한국체대) 5호선,92584,30027,81687,27859,122611,109546
202002,5호선,올림픽공원(한국체대) 5호선,76352,21649,68472,20165,98001,88637
202003,5호선,올림픽공원(한국체대) 5호선,60948,17322,53054,15446,78270,68500
202004,5호선,올림픽공원(한국체대) 5호선,66062,20424,57210,18428,86486,75638
202005,5호선,올림픽공원(한국체대) 5호선,75628,26015,64862,23586,101643,88448
202006,5호선,올림픽공원(한국체대) 5호선,83330,24594,69911,21947,107924,91858
202007,5호선,올림픽공원(한국체대) 5호선,88914,26301,73316,22931,115215,96247
202008,5호선,올림픽공원(한국체대) 5호선,78644,23883,64661,20775,102527,85436
202009,5호선,올림픽공원(한국체대) 5호선,70445,21661,60575,19202,92106,79777
202010,5호선,올림픽공원(한국체대) 5호선,84919,27454,75461,24443,112373,99904
202011,5호선,올림픽공원(한국체대) 5호선,83615,26213,72164,23485,109828,95649
202012,5호선,올림픽공원(한국체대) 5호선,66044,20680,55800,18441,86724,74241
202001,9호선2~3단계,올림픽공원(한국체대) 9호선,155407,16955,152973,16964,172362,169937
202002,9호선2~3단계,올림픽공원(한국체대) 9호선,127627,13583,125205,13102,141210,138307
202003,9호선2~3단계,올림픽공원(한국체대) 9호선,92215,10623,90977,10649,102838,101626
202004,9호선2~3단계,올림픽공원(한국체대) 9호선,100137,12730,98082,13004,112867,111086
202005,9호선2~3단계,올림픽공원(한국체대) 9호선,114766,16488,113250,16681,131254,129931
202006,9호선2~3단계,올림픽공원(한국체대) 9호선,122504,16107,121852,16361,138611,138213
202007,9호선2~3단계,올림픽공원(한국체대) 9호선,132916,16700,130298,16979,149616,147277
202008,9호선2~3단계,올림픽공원(한국체대) 9호선,125123,16591,126162,17385,141714,143547
202009,9호선2~3단계,올림픽공원(한국체대) 9호선,105645,13399,104431,13460,119044,117891
202010,9호선2~3단계,올림픽공원(한국체대) 9호선,136304,19121,140750,19904,155425,160654
202011,9호선2~3단계,올림픽공원(한국체대) 9호선,135083,19032,134970,19270,154115,154240
202012,9호선2~3단계,올림픽공원(한국체대) 9호선,95416,12855,95432,12857,108271,108289
202001,2호선,왕십리(성동구청) 2호선,470054,56886,399334,47777,526940,447111
202002,2호선,왕십리(성동구청) 2호선,397847,43258,336629,36263,441105,372892
202003,2호선,왕십리(성동구청) 2호선,323777,34985,273765,29658,358762,303423
202004,2호선,왕십리(성동구청) 2호선,340696,38480,286893,32973,379176,319866
202005,2호선,왕십리(성동구청) 2호선,371973,44342,313657,37932,416315,351589
202006,2호선,왕십리(성동구청) 2호선,386395,43344,316966,37577,429739,354543
202007,2호선,왕십리(성동구청) 2호선,419003,46309,350709,40178,465312,390887
202008,2호선,왕십리(성동구청) 2호선,348015,39407,291973,34034,387422,326007
202009,2호선,왕십리(성동구청) 2호선,315491,37939,257021,32287,353430,289308
202010,2호선,왕십리(성동구청) 2호선,376780,43658,310941,37480,420438,348421
202011,2호선,왕십리(성동구청) 2호선,383668,43824,313343,37688,427492,351031
202012,2호선,왕십리(성동구청) 2호선,290150,36499,232198,31616,326649,263814
202001,5호선,왕십리(성동구청) 5호선,114241,25249,137182,24442,139490,161624
202002,5호선,왕십리(성동구청) 5호선,97941,19269,115038,18123,117210,133161
202003,5호선,왕십리(성동구청) 5호선,82585,14900,95413,14094,97485,109507
202004,5호선,왕십리(성동구청) 5호선,86308,16420,101464,15644,102728,117108
202005,5호선,왕십리(성동구청) 5호선,93050,19415,109129,18600,112465,127729
202006,5호선,왕십리(성동구청) 5호선,96524,19130,111964,18449,115654,130413
202007,5호선,왕십리(성동구청) 5호선,103256,20595,121250,19395,123851,140645
202008,5호선,왕십리(성동구청) 5호선,89256,17970,104194,17108,107226,121302
202009,5호선,왕십리(성동구청) 5호선,83207,17208,94139,16626,100415,110765
202010,5호선,왕십리(성동구청) 5호선,94171,19390,109422,18830,113561,128252
202011,5호선,왕십리(성동구청) 5호선,95786,19543,109693,18543,115329,128236
202012,5호선,왕십리(성동구청) 5호선,80385,16757,88987,15780,97142,104767
202001,경원선,왕십리(성동구청) 중앙선,392072,59779,443117,65280,451851,508397
202002,경원선,왕십리(성동구청) 중앙선,327761,42047,369902,46530,369808,416432
202003,경원선,왕십리(성동구청) 중앙선,266343,35125,300735,38748,301468,339483
202004,경원선,왕십리(성동구청) 중앙선,283589,41150,323960,45325,324739,369285
202005,경원선,왕십리(성동구청) 중앙선,310967,48067,357942,52745,359034,410687
202006,경원선,왕십리(성동구청) 중앙선,323696,48711,368371,53174,372407,421545
202007,경원선,왕십리(성동구청) 중앙선,353234,51886,403426,56863,405120,460289
202008,경원선,왕십리(성동구청) 중앙선,300154,44756,348405,49138,344910,397543
202009,경원선,왕십리(성동구청) 중앙선,268168,44755,308843,49572,312923,358415
202010,경원선,왕십리(성동구청) 중앙선,313146,50774,361836,55943,363920,417779
202011,경원선,왕십리(성동구청) 중앙선,316862,48204,363944,53078,365066,417022
202012,경원선,왕십리(성동구청) 중앙선,245346,39796,285629,43837,285142,329466
202001,경원선,외대앞,212540,46797,204544,47054,259337,251598
202002,경원선,외대앞,169053,36037,161716,36505,205090,198221
202003,경원선,외대앞,131543,31186,127768,31719,162729,159487
202004,경원선,외대앞,136255,35432,131791,35609,171687,167400
202005,경원선,외대앞,154435,41080,149520,40735,195515,190255
202006,경원선,외대앞,159211,39465,153763,39311,198676,193074
202007,경원선,외대앞,172511,41598,165130,41367,214109,206497
202008,경원선,외대앞,140095,35272,136360,35117,175367,171477
202009,경원선,외대앞,135635,37675,130538,37526,173310,168064
202010,경원선,외대앞,159689,41014,154629,40564,200703,195193
202011,경원선,외대앞,171675,39577,167129,39617,211252,206746
202012,경원선,외대앞,131441,33732,128900,34110,165173,163010
202001,2호선,용답,60418,17208,59482,16682,77626,76164
202002,2호선,용답,50165,13143,49116,12886,63308,62002
202003,2호선,용답,44298,12549,44311,12065,56847,56376
202004,2호선,용답,45615,14050,44333,13217,59665,57550
202005,2호선,용답,50263,15688,49014,15031,65951,64045
202006,2호선,용답,52687,15176,51344,14244,67863,65588
202007,2호선,용답,57297,16069,55148,15502,73366,70650
202008,2호선,용답,48416,13677,46983,13020,62093,60003
202009,2호선,용답,46802,14126,45319,13486,60928,58805
202010,2호선,용답,52629,15249,50864,14582,67878,65446
202011,2호선,용답,54724,15114,54228,14269,69838,68497
202012,2호선,용답,45188,13477,45221,12743,58665,57964
202001,2호선,용두(동대문구청),47183,23888,48693,25652,71071,74345
202002,2호선,용두(동대문구청),39635,17570,41056,19043,57205,60099
202003,2호선,용두(동대문구청),34639,16221,35540,17430,50860,52970
202004,2호선,용두(동대문구청),34801,18029,35832,19415,52830,55247
202005,2호선,용두(동대문구청),37794,19704,38444,21142,57498,59586
202006,2호선,용두(동대문구청),39255,19300,40219,20650,58555,60869
202007,2호선,용두(동대문구청),41321,20243,41992,21561,61564,63553
202008,2호선,용두(동대문구청),36113,17738,36645,18865,53851,55510
202009,2호선,용두(동대문구청),35128,20585,36330,22149,55713,58479
202010,2호선,용두(동대문구청),37294,19529,38021,20870,56823,58891
202011,2호선,용두(동대문구청),39014,19961,39952,21260,58975,61212
202012,2호선,용두(동대문구청),34963,17454,36483,18439,52417,54922
202001,7호선,용마산,140698,34682,130111,37667,175380,167778
202002,7호선,용마산,126091,27675,115821,30136,153766,145957
202003,7호선,용마산(용마폭포공원),113164,24275,105029,26786,137439,131815
202004,7호선,용마산(용마폭포공원),116699,27107,108092,29757,143806,137849
202005,7호선,용마산(용마폭포공원),124568,30583,117023,33510,155151,150533
202006,7호선,용마산(용마폭포공원),130111,29686,120004,32657,159797,152661
202007,7호선,용마산(용마폭포공원),136950,31175,124991,34071,168125,159062
202008,7호선,용마산(용마폭포공원),115824,26884,105922,29184,142708,135106
202009,7호선,용마산(용마폭포공원),112665,26843,106721,29126,139508,135847
202010,7호선,용마산(용마폭포공원),128104,30050,120693,32717,158154,153410
202011,7호선,용마산(용마폭포공원),129399,29493,120816,31648,158892,152464
202012,7호선,용마산(용마폭포공원),110859,24812,105870,26390,135671,132260
202001,중앙선,용문,34349,31140,34971,31016,65489,65987
202002,중앙선,용문,23022,20400,23820,20565,43422,44385
202003,중앙선,용문,19490,17739,19766,17869,37229,37635
202004,중앙선,용문,24167,27378,25313,27710,51545,53023
202005,중앙선,용문,29382,34821,29956,34823,64203,64779
202006,중앙선,용문,28481,33155,29010,33511,61636,62521
202007,중앙선,용문,32550,35118,33247,35586,67668,68833
202008,중앙선,용문,26449,26909,26683,27213,53358,53896
202009,중앙선,용문,23303,26964,24791,27277,50267,52068
202010,중앙선,용문,35172,41096,34004,40964,76268,74968
202011,중앙선,용문,28409,29779,28442,30004,58188,58446
202012,중앙선,용문,17281,16887,17812,17111,34168,34923
202001,경부선,용산,1109300,125725,1125152,124924,1235025,1250076
202002,경부선,용산,784728,85130,803514,84384,869858,887898
202003,경부선,용산,588375,67857,601936,66348,656232,668284
202004,경부선,용산,624932,81206,644247,80094,706138,724341
202005,경부선,용산,742067,100807,747099,98265,842874,845364
202006,경부선,용산,759070,98647,773930,97230,857717,871160
202007,경부선,용산,846943,102338,867734,101411,949281,969145
202008,경부선,용산,763691,91240,780465,90321,854931,870786
202009,경부선,용산,619405,83980,645820,83218,703385,729038
202010,경부선,용산,782470,102792,784729,102132,885262,886861
202011,경부선,용산,795958,100112,806997,99042,896070,906039
202012,경부선,용산,588066,77734,598952,76711,665800,675663
202001,5호선,우장산,340552,90629,333745,93766,431181,427511
202002,5호선,우장산,290968,67529,285002,70177,358497,355179
202003,5호선,우장산,237012,49830,232952,52390,286842,285342
202004,5호선,우장산,251005,58159,244802,60738,309164,305540
202005,5호선,우장산,278373,70117,272166,73532,348490,345698
202006,5호선,우장산,305727,69361,295717,72810,375088,368527
202007,5호선,우장산,324897,74327,312154,77258,399224,389412
202008,5호선,우장산,265258,62904,257273,65731,328162,323004
202009,5호선,우장산,247648,61273,242498,63945,308921,306443
202010,5호선,우장산,288039,71764,278821,74728,359803,353549
202011,5호선,우장산,290868,70071,283715,73208,360939,356923
202012,5호선,우장산,235572,57455,235632,60285,293027,295917
202001,중앙선,운길산,13512,6141,12273,6106,19653,18379
202002,중앙선,운길산,11794,5194,10277,5147,16988,15424
202003,중앙선,운길산,14334,7357,12589,7372,21691,19961
202004,중앙선,운길산,19672,11198,17758,10958,30870,28716
202005,중앙선,운길산,20107,12202,18885,12241,32309,31126
202006,중앙선,운길산,19271,12195,18577,12280,31466,30857
202007,중앙선,운길산,17459,10816,16341,10789,28275,27130
202008,중앙선,운길산,12311,7850,11419,7680,20161,19099
202009,중앙선,운길산,15774,9797,14081,9501,25571,23582
202010,중앙선,운길산,21820,12848,20410,12775,34668,33185
202011,중앙선,운길산,14520,8076,13295,8022,22596,21317
202012,중앙선,운길산,10267,5522,9242,5431,15789,14673
202001,공항철도 1호선,운서,199691,22901,211861,22574,222592,234435
202002,공항철도 1호선,운서,163958,16695,172719,16581,180653,189300
202003,공항철도 1호선,운서,136741,14695,139981,14573,151436,154554
202004,공항철도 1호선,운서,131725,17422,134473,17291,149147,151764
202005,공항철도 1호선,운서,138776,20157,141130,20038,158933,161168
202006,공항철도 1호선,운서,140384,19911,141096,19729,160295,160825
202007,공항철도 1호선,운서,153652,21560,154009,21191,175212,175200
202008,공항철도 1호선,운서,135406,18015,137205,17827,153421,155032
202009,공항철도 1호선,운서,125239,18529,124033,18476,143768,142509
202010,공항철도 1호선,운서,143227,21857,144668,21935,165084,166603
202011,공항철도 1호선,운서,140498,20041,141136,19954,160539,161090
202012,공항철도 1호선,운서,120348,16705,122477,16600,137053,139077
202001,경의선,운정,142048,32237,129888,31657,174285,161545
202002,경의선,운정,118499,23947,109355,23971,142446,133326
202003,경의선,운정,101957,20488,93039,20474,122445,113513
202004,경의선,운정,107033,23879,98282,23698,130912,121980
202005,경의선,운정,117473,29104,108724,28928,146577,137652
202006,경의선,운정,125061,28207,117010,27959,153268,144969
202007,경의선,운정,135136,29474,125602,29158,164610,154760
202008,경의선,운정,111162,23104,102978,22915,134266,125893
202009,경의선,운정,108205,24120,101799,24101,132325,125900
202010,경의선,운정,132370,29274,122103,28955,161644,151058
202011,경의선,운정,133379,27853,122751,27457,161232,150208
202012,경의선,운정,106582,22237,100870,22279,128819,123149
202001,일산선,원당,255404,78298,239203,78124,333702,317327
202002,일산선,원당,215287,59422,203681,58847,274709,262528
202003,일산선,원당,189446,50471,179850,49448,239917,229298
202004,일산선,원당,200259,59343,186829,58650,259602,245479
202005,일산선,원당,219331,72182,204987,71357,291513,276344
202006,일산선,원당,227831,69797,212956,69257,297628,282213
202007,일산선,원당,237798,71871,220582,70871,309669,291453
202008,일산선,원당,196880,58258,184029,57372,255138,241401
202009,일산선,원당,192813,59498,182056,58409,252311,240465
202010,일산선,원당,221981,70413,205709,68999,292394,274708
202011,일산선,원당,223562,68763,208290,67041,292325,275331
202012,일산선,원당,186793,54035,179187,52840,240828,232027
202001,중앙선,원덕,6114,5050,5825,4914,11164,10739
202002,중앙선,원덕,4001,3524,3841,3539,7525,7380
202003,중앙선,원덕,4127,3730,4046,3618,7857,7664
202004,중앙선,원덕,5097,5517,4973,5395,10614,10368
202005,중앙선,원덕,5585,5728,5136,5540,11313,10676
202006,중앙선,원덕,5107,5472,4772,5210,10579,9982
202007,중앙선,원덕,5454,5522,5111,5462,10976,10573
202008,중앙선,원덕,4511,4280,4235,4153,8791,8388
202009,중앙선,원덕,4381,4569,4371,4466,8950,8837
202010,중앙선,원덕,5878,5737,5598,5620,11615,11218
202011,중앙선,원덕,4652,4721,4770,4588,9373,9358
202012,중앙선,원덕,3318,2998,3193,2924,6316,6117
202001,수인선,원인재,99046,28853,101333,28927,127899,130260
202002,수인선,원인재,83308,22395,85577,22442,105703,108019
202003,수인선,원인재,71585,17933,72955,18096,89518,91051
202004,수인선,원인재,77976,20616,80166,20792,98592,100958
202005,수인선,원인재,81070,24142,83986,24202,105212,108188
202006,수인선,원인재,83697,23021,86164,23027,106718,109191
202007,수인선,원인재,89798,24722,92185,24814,114520,116999
202008,수인선,원인재,74725,21720,77200,22017,96445,99217
202009,수인선,원인재,75064,23148,78307,23130,98212,101437
202010,수인선,원인재,91650,26156,94694,26426,117806,121120
202011,수인선,원인재,90539,25097,93233,25272,115636,118505
202012,수인선,원인재,76384,20696,78673,20849,97080,99522
202001,일산선,원흥,213564,49529,196351,48308,263093,244659
202002,일산선,원흥,183379,39113,170237,38055,222492,208292
202003,일산선,원흥,161780,33569,151158,33050,195349,184208
202004,일산선,원흥,168766,37649,155141,36907,206415,192048
202005,일산선,원흥,183061,45363,169839,44189,228424,214028
202006,일산선,원흥,192382,45405,178867,43934,237787,222801
202007,일산선,원흥,208392,46956,192815,45814,255348,238629
202008,일산선,원흥,169318,38782,159239,38333,208100,197572
202009,일산선,원흥,164963,39766,155265,39063,204729,194328
202010,일산선,원흥,191538,46909,179813,45737,238447,225550
202011,일산선,원흥,195184,46050,182711,44773,241234,227484
202012,일산선,원흥,160916,37657,154088,36528,198573,190616
202001,경원선,월계,117416,57561,106200,54981,174977,161181
202002,경원선,월계,100178,44189,92807,42752,144367,135559
202003,경원선,월계,88303,39342,81759,38010,127645,119769
202004,경원선,월계,93956,44314,86413,42587,138270,129000
202005,경원선,월계,105385,51921,95915,49156,157306,145071
202006,경원선,월계,121332,49895,110098,47842,171227,157940
202007,경원선,월계,121323,52782,110855,50093,174105,160948
202008,경원선,월계,96410,44055,90321,42623,140465,132944
202009,경원선,월계,95912,46409,89609,44506,142321,134115
202010,경원선,월계,121175,52734,109862,50278,173909,160140
202011,경원선,월계,124093,50943,112968,48784,175036,161752
202012,경원선,월계,97644,43284,92607,41707,140928,134314
202001,6호선,월곡(동덕여대),269737,77285,260144,76863,347022,337007
202002,6호선,월곡(동덕여대),231518,57214,224787,57078,288732,281865
202003,6호선,월곡(동덕여대),201496,49062,195827,48933,250558,244760
202004,6호선,월곡(동덕여대),206156,53927,197525,53609,260083,251134
202005,6호선,월곡(동덕여대),222985,62679,214705,62144,285664,276849
202006,6호선,월곡(동덕여대),236301,60017,227585,59733,296318,287318
202007,6호선,월곡(동덕여대),247307,63005,237434,62464,310312,299898
202008,6호선,월곡(동덕여대),200415,52233,194388,51772,252648,246160
202009,6호선,월곡(동덕여대),195678,53607,190433,53135,249285,243568
202010,6호선,월곡(동덕여대),221055,60010,214001,59647,281065,273648
202011,6호선,월곡(동덕여대),233822,59351,226687,59104,293173,285791
202012,6호선,월곡(동덕여대),192337,50011,192136,50471,242348,242607
202001,수인선,월곶,57110,13694,52739,13763,70804,66502
202002,수인선,월곶,46147,9618,43064,9798,55765,52862
202003,수인선,월곶,41088,8060,38687,7980,49148,46667
202004,수인선,월곶,44025,9537,40836,9441,53562,50277
202005,수인선,월곶,46529,10919,43655,10921,57448,54576
202006,수인선,월곶,48093,10431,44472,10430,58524,54902
202007,수인선,월곶,51167,10841,47061,10920,62008,57981
202008,수인선,월곶,44947,9659,41836,9704,54606,51540
202009,수인선,월곶,47440,10776,43993,10668,58216,54661
202010,수인선,월곶,56507,12920,51490,12566,69427,64056
202011,수인선,월곶,55003,11304,50588,11384,66307,61972
202012,수인선,월곶,45297,9058,42595,9086,54355,51681
202001,6호선,월드컵경기장(성산),101319,46174,108550,45523,147493,154073
202002,6호선,월드컵경기장(성산),80368,34803,87432,34510,115171,121942
202003,6호선,월드컵경기장(성산),68456,36725,73551,34933,105181,108484
202004,6호선,월드컵경기장(성산),72376,45049,78551,43065,117425,121616
202005,6호선,월드컵경기장(성산),80085,52591,87581,51625,132676,139206
202006,6호선,월드컵경기장(성산),79708,49631,87952,49564,129339,137516
202007,6호선,월드컵경기장(성산),83013,51089,89556,50482,134102,140038
202008,6호선,월드컵경기장(성산),75445,42935,81539,42174,118380,123713
202009,6호선,월드컵경기장(성산),76003,48422,82321,46997,124425,129318
202010,6호선,월드컵경기장(성산),91555,62366,98864,62257,153921,161121
202011,6호선,월드컵경기장(성산),82002,48400,87983,48537,130402,136520
202012,6호선,월드컵경기장(성산),63375,36651,68773,34976,100026,103749
202001,경의선,월롱,50022,6639,45250,7560,56661,52810
202002,경의선,월롱,44009,5398,39474,6133,49407,45607
202003,경의선,월롱,39315,5788,36083,6396,45103,42479
202004,경의선,월롱,41064,6927,36761,7523,47991,44284
202005,경의선,월롱,46773,7528,43440,8284,54301,51724
202006,경의선,월롱,60003,7384,55447,8072,67387,63519
202007,경의선,월롱,53647,7343,49485,8139,60990,57624
202008,경의선,월롱,38477,5907,36911,6566,44384,43477
202009,경의선,월롱,39643,6795,36858,7298,46438,44156
202010,경의선,월롱,51078,7583,48605,8464,58661,57069
202011,경의선,월롱,54234,7030,51689,7756,61264,59445
202012,경의선,월롱,38081,5484,35717,5969,43565,41686
202001,2호선,을지로3가(2호선),569762,82989,569841,82254,652751,652095
202002,2호선,을지로3가(2호선),492472,64061,493218,62572,556533,555790
202003,2호선,을지로3가(2호선),389076,47498,390638,46175,436574,436813
202004,2호선,을지로3가(2호선),399344,51720,403589,50877,451064,454466
202005,2호선,을지로3가(2호선),418963,59255,422650,58936,478218,481586
202006,2호선,을지로3가(2호선),458922,62808,461201,61583,521730,522784
202007,2호선,을지로3가(2호선),506219,67775,509716,66110,573994,575826
202008,2호선,을지로3가(2호선),398865,57008,399254,55525,455873,454779
202009,2호선,을지로3가(2호선),363805,52539,362930,51274,416344,414204
202010,2호선,을지로3가(2호선),421423,59600,420508,58897,481023,479405
202011,2호선,을지로3가(2호선),449301,63347,443587,62139,512648,505726
202012,2호선,을지로3가(2호선),359909,52805,354405,51400,412714,405805
202001,3호선,을지로3가(3호선),261433,56696,274151,55297,318129,329448
202002,3호선,을지로3가(3호선),227281,44980,239289,43633,272261,282922
202003,3호선,을지로3가(3호선),182122,36008,196943,35431,218130,232374
202004,3호선,을지로3가(3호선),186076,38393,203446,37366,224469,240812
202005,3호선,을지로3가(3호선),199216,43604,216492,42633,242820,259125
202006,3호선,을지로3가(3호선),216518,45756,234938,44563,262274,279501
202007,3호선,을지로3가(3호선),234524,48795,258615,47548,283319,306163
202008,3호선,을지로3가(3호선),183180,40711,199450,39685,223891,239135
202009,3호선,을지로3가(3호선),171902,39078,184168,38022,210980,222190
202010,3호선,을지로3가(3호선),192019,42517,211491,41701,234536,253192
202011,3호선,을지로3가(3호선),204514,45123,220595,43780,249637,264375
202012,3호선,을지로3가(3호선),169199,39600,177233,38544,208799,215777
202001,2호선,을지로4가(2호선),292240,86499,294242,83974,378739,378216
202002,2호선,을지로4가(2호선),251462,67203,250450,64652,318665,315102
202003,2호선,을지로4가(2호선),205402,63675,205968,61661,269077,267629
202004,2호선,을지로4가(2호선),211060,71136,213345,69277,282196,282622
202005,2호선,을지로4가(2호선),224392,79812,225724,77724,304204,303448
202006,2호선,을지로4가(2호선),242386,79488,242290,76136,321874,318426
202007,2호선,을지로4가(2호선),257334,82201,257430,79833,339535,337263
202008,2호선,을지로4가(2호선),208125,69048,206427,66425,277173,272852
202009,2호선,을지로4가(2호선),207153,75846,206706,73774,282999,280480
202010,2호선,을지로4가(2호선),225694,76457,226029,75084,302151,301113
202011,2호선,을지로4가(2호선),242047,76027,239721,74017,318074,313738
202012,2호선,을지로4가(2호선),213258,70918,209548,68545,284176,278093
202001,5호선,을지로4가(5호선),117397,42733,126030,41459,160130,167489
202002,5호선,을지로4가(5호선),105377,33049,110953,32986,138426,143939
202003,5호선,을지로4가(5호선),93934,31201,97154,31578,125135,128732
202004,5호선,을지로4가(5호선),95266,34884,101128,35425,130150,136553
202005,5호선,을지로4가(5호선),101551,39812,106883,40060,141363,146943
202006,5호선,을지로4가(5호선),108319,39025,113164,38991,147344,152155
202007,5호선,을지로4가(5호선),113500,40552,120024,40440,154052,160464
202008,5호선,을지로4가(5호선),90467,33437,94951,33470,123904,128421
202009,5호선,을지로4가(5호선),91423,36617,96107,37093,128040,133200
202010,5호선,을지로4가(5호선),100257,38459,106401,38271,138716,144672
202011,5호선,을지로4가(5호선),106107,38072,111712,38015,144179,149727
202012,5호선,을지로4가(5호선),94745,35473,97512,35155,130218,132667
202001,2호선,을지로입구,1343584,110507,1350749,102302,1454091,1453051
202002,2호선,을지로입구,998687,73923,1029160,69085,1072610,1098245
202003,2호선,을지로입구,738365,61739,764719,56933,800104,821652
202004,2호선,을지로입구,763783,67368,793953,62748,831151,856701
202005,2호선,을지로입구,820905,78670,840953,73616,899575,914569
202006,2호선,을지로입구,905600,83375,933870,77980,988975,1011850
202007,2호선,을지로입구,974408,90327,1000499,84005,1064735,1084504
202008,2호선,을지로입구,792709,75425,814822,70757,868134,885579
202009,2호선,을지로입구,727392,69868,745838,65576,797260,811414
202010,2호선,을지로입구,835849,81285,853385,75743,917134,929128
202011,2호선,을지로입구,884315,82722,901765,77068,967037,978833
202012,2호선,을지로입구,740332,70050,748231,65108,810382,813339
202001,경원선,응봉,36854,15843,30493,14720,52697,45213
202002,경원선,응봉,29992,11858,25490,10950,41850,36440
202003,경원선,응봉,27698,11094,24683,10435,38792,35118
202004,경원선,응봉,30157,12511,25666,11414,42668,37080
202005,경원선,응봉,33573,13979,28081,12815,47552,40896
202006,경원선,응봉,34990,13810,28780,12551,48800,41331
202007,경원선,응봉,36931,14437,29753,13104,51368,42857
202008,경원선,응봉,29064,12059,23721,10916,41123,34637
202009,경원선,응봉,28744,12762,24384,11264,41506,35648
202010,경원선,응봉,35126,14707,29728,13049,49833,42777
202011,경원선,응봉,34939,13733,29464,12377,48672,41841
202012,경원선,응봉,27271,11072,22763,10031,38343,32794
202001,6호선,응암,401725,112948,394442,112156,514673,506598
202002,6호선,응암,355589,87865,350210,88154,443454,438364
202003,6호선,응암,315556,72126,312339,72642,387682,384981
202004,6호선,응암,323285,83695,317324,83226,406980,400550
202005,6호선,응암,343823,96802,337609,95338,440625,432947
202006,6호선,응암,363425,96589,354042,94989,460014,449031
202007,6호선,응암,387427,101245,374146,99261,488672,473407
202008,6호선,응암,326954,85130,318685,84624,412084,403309
202009,6호선,응암,313817,86036,308216,84718,399853,392934
202010,6호선,응암,354491,98750,341974,95930,453241,437904
202011,6호선,응암,361982,95601,354068,93658,457583,447726
202012,6호선,응암,311363,79732,312700,79737,391095,392437
202001,경부선,의왕,216327,41499,209286,40975,257826,250261
202002,경부선,의왕,185343,30934,181915,30897,216277,212812
202003,경부선,의왕,162408,27602,160518,27883,190010,188401
202004,경부선,의왕,171632,31836,168978,31948,203468,200926
202005,경부선,의왕,182764,35947,180040,35853,218711,215893
202006,경부선,의왕,193865,34822,191880,34848,228687,226728
202007,경부선,의왕,205207,37407,202529,37301,242614,239830
202008,경부선,의왕,165230,31492,163753,31563,196722,195316
202009,경부선,의왕,164558,32231,162854,32117,196789,194971
202010,경부선,의왕,191092,38387,188231,38280,229479,226511
202011,경부선,의왕,197897,36174,194935,36201,234071,231136
202012,경부선,의왕,162127,30867,161212,30839,192994,192051
202001,경원선,의정부,497113,121454,522399,122885,618567,645284
202002,경원선,의정부,407090,88665,424717,89945,495755,514662
202003,경원선,의정부,337780,68585,351914,69191,406365,421105
202004,경원선,의정부,334166,72519,347963,73289,406685,421252
202005,경원선,의정부,398991,94043,421186,95577,493034,516763
202006,경원선,의정부,408505,89848,430223,91134,498353,521357
202007,경원선,의정부,417461,90726,436467,92348,508187,528815
202008,경원선,의정부,362824,79240,379305,80281,442064,459586
202009,경원선,의정부,336670,79829,348227,80827,416499,429054
202010,경원선,의정부,404592,92482,423742,93539,497074,517281
202011,경원선,의정부,402829,88418,417127,89509,491247,506636
202012,경원선,의정부,329472,74523,335796,75108,403995,410904
202001,2호선,이대,406737,50642,428994,51679,457379,480673
202002,2호선,이대,321719,40072,337021,41050,361791,378071
202003,2호선,이대,213622,26282,222087,27373,239904,249460
202004,2호선,이대,228601,29125,236202,30379,257726,266581
202005,2호선,이대,261526,35478,271292,36978,297004,308270
202006,2호선,이대,269998,40214,280049,40922,310212,320971
202007,2호선,이대,293666,43147,303463,43512,336813,346975
202008,2호선,이대,249962,33067,258807,33854,283029,292661
202009,2호선,이대,229569,32021,236812,33228,261590,270040
202010,2호선,이대,285258,39673,298655,40457,324931,339112
202011,2호선,이대,293054,41815,305859,42667,334869,348526
202012,2호선,이대,221088,31657,227075,32534,252745,259609
202001,경강선,이매(경강선),25984,6879,20804,5990,32863,26794
202002,경강선,이매(경강선),21242,4753,17598,4313,25995,21911
202003,경강선,이매(경강선),16456,3157,13486,2672,19613,16158
202004,경강선,이매(경강선),18588,4246,15254,3637,22834,18891
202005,경강선,이매(경강선),22124,5686,17210,4995,27810,22205
202006,경강선,이매(경강선),23581,5738,19368,5098,29319,24466
202007,경강선,이매(경강선),24962,5844,20278,5301,30806,25579
202008,경강선,이매(경강선),19533,4478,16075,4545,24011,20620
202009,경강선,이매(경강선),18830,4411,15535,3997,23241,19532
202010,경강선,이매(경강선),23245,5844,19040,5581,29089,24621
202011,경강선,이매(경강선),23278,5691,19467,5242,28969,24709
202012,경강선,이매(경강선),17726,3757,14856,3382,21483,18238
202001,분당선,이매(분당선),134595,41504,130479,40623,176099,171102
202002,분당선,이매(분당선),110337,28446,106531,27512,138783,134043
202003,분당선,이매(분당선),76687,20582,73741,19753,97269,93494
202004,분당선,이매(분당선),88667,25614,83712,24798,114281,108510
202005,분당선,이매(분당선),103705,32021,97570,30948,135726,128518
202006,분당선,이매(분당선),114440,32082,105097,30898,146522,135995
202007,분당선,이매(분당선),123194,33361,113262,32088,156555,145350
202008,분당선,이매(분당선),97351,27411,90569,26004,124762,116573
202009,분당선,이매(분당선),88957,26995,83224,25843,115952,109067
202010,분당선,이매(분당선),109409,32669,102758,31394,142078,134152
202011,분당선,이매(분당선),111441,31338,105084,30177,142779,135261
202012,분당선,이매(분당선),84331,23887,81012,22972,108218,103984
202001,7호선,이수,408212,78542,403879,74815,486754,478694
202002,7호선,이수,356603,56492,351654,54236,413095,405890
202003,7호선,이수,300155,44890,295387,42911,345045,338298
202004,7호선,이수,315033,51168,309593,48639,366201,358232
202005,7호선,이수,340124,60989,334462,58582,401113,393044
202006,7호선,이수,352076,60493,347980,58385,412569,406365
202007,7호선,이수,372325,64002,369375,61816,436327,431191
202008,7호선,이수,315261,54201,313187,52576,369462,365763
202009,7호선,이수,295146,52679,290807,50780,347825,341587
202010,7호선,이수,333821,60478,331807,57984,394299,389791
202011,7호선,이수,341643,61012,336305,58250,402655,394555
202012,7호선,이수,279913,50303,273896,48437,330216,322333
202001,경강선,이천,69974,13074,74065,13781,83048,87846
202002,경강선,이천,52072,8753,55540,9288,60825,64828
202003,경강선,이천,41164,6227,43831,6723,47391,50554
202004,경강선,이천,46560,8420,49951,9052,54980,59003
202005,경강선,이천,54671,10698,58238,11640,65369,69878
202006,경강선,이천,52982,10064,56486,10846,63046,67332
202007,경강선,이천,57460,10632,60748,11430,68092,72178
202008,경강선,이천,43804,8126,46652,8529,51930,55181
202009,경강선,이천,44797,8719,48299,9072,53516,57371
202010,경강선,이천,57547,11385,61090,12140,68932,73230
202011,경강선,이천,55978,10528,60671,11139,66506,71810
202012,경강선,이천,42930,7599,45963,8062,50529,54025
202001,4호선,이촌(국립중앙박물관) 4호선,217072,44053,235753,46900,261125,282653
202002,4호선,이촌(국립중앙박물관) 4호선,150207,30722,169180,33004,180929,202184
202003,4호선,이촌(국립중앙박물관) 4호선,107159,23350,126772,25956,130509,152728
202004,4호선,이촌(국립중앙박물관) 4호선,115901,27303,134635,29917,143204,164552
202005,4호선,이촌(국립중앙박물관) 4호선,139400,33642,162224,36895,173042,199119
202006,4호선,이촌(국립중앙박물관) 4호선,142096,33374,166420,36824,175470,203244
202007,4호선,이촌(국립중앙박물관) 4호선,158937,37166,185289,40363,196103,225652
202008,4호선,이촌(국립중앙박물관) 4호선,141638,31253,157808,33689,172891,191497
202009,4호선,이촌(국립중앙박물관) 4호선,120262,29626,138886,32632,149888,171518
202010,4호선,이촌(국립중앙박물관) 4호선,154489,36646,172459,39146,191135,211605
202011,4호선,이촌(국립중앙박물관) 4호선,153503,35140,169762,37678,188643,207440
202012,4호선,이촌(국립중앙박물관) 4호선,113146,27385,126968,29448,140531,156416
202001,경원선,이촌(국립중앙박물관) 중앙선,91822,28206,69806,23197,120028,93003
202002,경원선,이촌(국립중앙박물관) 중앙선,75996,20357,56634,16821,96353,73455
202003,경원선,이촌(국립중앙박물관) 중앙선,59105,15193,44152,12743,74298,56895
202004,경원선,이촌(국립중앙박물관) 중앙선,66548,17647,49440,14803,84195,64243
202005,경원선,이촌(국립중앙박물관) 중앙선,76501,21877,56055,18512,98378,74567
202006,경원선,이촌(국립중앙박물관) 중앙선,80303,21851,59426,18428,102154,77854
202007,경원선,이촌(국립중앙박물관) 중앙선,86655,23869,64062,20197,110524,84259
202008,경원선,이촌(국립중앙박물관) 중앙선,71752,19882,53579,16884,91634,70463
202009,경원선,이촌(국립중앙박물관) 중앙선,68818,19349,50044,16138,88167,66182
202010,경원선,이촌(국립중앙박물관) 중앙선,78864,22564,57967,18929,101428,76896
202011,경원선,이촌(국립중앙박물관) 중앙선,78924,22543,59085,18627,101467,77712
202012,경원선,이촌(국립중앙박물관) 중앙선,61293,17646,47157,14603,78939,61760
202001,6호선,이태원,411687,32176,456406,33545,443863,489951
202002,6호선,이태원,322074,25561,356712,26492,347635,383204
202003,6호선,이태원,250844,20926,273660,21899,271770,295559
202004,6호선,이태원,242576,22732,265296,23755,265308,289051
202005,6호선,이태원,187546,24113,197051,24800,211659,221851
202006,6호선,이태원,192257,24344,198640,25404,216601,224044
202007,6호선,이태원,231458,25985,244779,26900,257443,271679
202008,6호선,이태원,205466,22583,216089,23534,228049,239623
202009,6호선,이태원,183197,22778,193171,23585,205975,216756
202010,6호선,이태원,248892,26259,271881,27152,275151,299033
202011,6호선,이태원,228463,26231,239598,26963,254694,266561
202012,6호선,이태원,165616,22042,170232,22554,187658,192786
202001,과천선,인덕원,612547,103612,622402,107174,716159,729576
202002,과천선,인덕원,530218,75949,540928,79925,606167,620853
202003,과천선,인덕원,441915,57401,452914,60150,499316,513064
202004,과천선,인덕원,467082,68704,470839,70892,535786,541731
202005,과천선,인덕원,499894,82399,504587,84714,582293,589301
202006,과천선,인덕원,534323,82232,542334,84497,616555,626831
202007,과천선,인덕원,566088,87283,574106,89685,653371,663791
202008,과천선,인덕원,459384,72045,468800,74590,531429,543390
202009,과천선,인덕원,446584,70257,456876,72503,516841,529379
202010,과천선,인덕원,513425,86837,515752,88746,600262,604498
202011,과천선,인덕원,532963,84338,540309,86645,617301,626954
202012,과천선,인덕원,433187,67342,449084,69433,500529,518517
202001,경인선,인천(1호선),83053,33091,61476,30217,116144,91693
202002,경인선,인천(1호선),53413,19983,37683,18267,73396,55950
202003,경인선,인천(1호선),47655,18795,33805,17761,66450,51566
202004,경인선,인천(1호선),53084,23493,38640,22030,76577,60670
202005,경인선,인천(1호선),61380,30669,46219,28742,92049,74961
202006,경인선,인천(1호선),56773,24911,40153,23247,81684,63400
202007,경인선,인천(1호선),66682,28331,48202,26138,95013,74340
202008,경인선,인천(1호선),57571,26303,41864,24157,83874,66021
202009,경인선,인천(1호선),57510,28196,41351,25342,85706,66693
202010,경인선,인천(1호선),77888,38530,57877,34723,116418,92600
202011,경인선,인천(1호선),67893,29730,47757,27032,97623,74789
202012,경인선,인천(1호선),51559,21212,35280,19493,72771,54773
202001,수인선,인천(수인선),20071,11689,37967,14620,31760,52587
202002,수인선,인천(수인선),12216,8469,23975,9910,20685,33885
202003,수인선,인천(수인선),10704,7312,21428,8210,18016,29638
202004,수인선,인천(수인선),11881,8613,24166,9960,20494,34126
202005,수인선,인천(수인선),14292,10243,27376,12221,24535,39597
202006,수인선,인천(수인선),13596,10054,26667,11576,23650,38243
202007,수인선,인천(수인선),16095,11347,31604,13366,27442,44970
202008,수인선,인천(수인선),13686,10246,27028,11951,23932,38979
202009,수인선,인천(수인선),14834,11496,28800,14100,26330,42900
202010,수인선,인천(수인선),19647,13616,37861,17686,33263,55547
202011,수인선,인천(수인선),16828,11726,33009,14520,28554,47529
202012,수인선,인천(수인선),12949,9717,25092,11290,22666,36382
202001,공항철도 1호선,인천공항1터미널,456138,30543,454726,28743,486681,483469
202002,공항철도 1호선,인천공항1터미널,302900,16302,290040,14754,319202,304794
202003,공항철도 1호선,인천공항1터미널,112610,11608,107902,11000,124218,118902
202004,공항철도 1호선,인천공항1터미널,80120,9725,77830,9869,89845,87699
202005,공항철도 1호선,인천공항1터미널,82940,11620,80974,11871,94560,92845
202006,공항철도 1호선,인천공항1터미널,84987,11763,83842,11877,96750,95719
202007,공항철도 1호선,인천공항1터미널,93404,12985,96326,13177,106389,109503
202008,공항철도 1호선,인천공항1터미널,88892,12302,92789,12411,101194,105200
202009,공항철도 1호선,인천공항1터미널,76127,11084,80564,11139,87211,91703
202010,공항철도 1호선,인천공항1터미널,83251,13432,86984,13651,96683,100635
202011,공항철도 1호선,인천공항1터미널,79751,10789,83128,11019,90540,94147
202012,공항철도 1호선,인천공항1터미널,76849,9867,83128,10050,86716,93178
202001,공항철도 1호선,인천공항2터미널,159550,14511,136738,12786,174061,149524
202002,공항철도 1호선,인천공항2터미널,113655,8278,94828,6894,121933,101722
202003,공항철도 1호선,인천공항2터미널,62545,6288,50356,5383,68833,55739
202004,공항철도 1호선,인천공항2터미널,45168,4616,39123,4180,49784,43303
202005,공항철도 1호선,인천공항2터미널,43708,4467,38658,4052,48175,42710
202006,공항철도 1호선,인천공항2터미널,43800,4899,40518,4453,48699,44971
202007,공항철도 1호선,인천공항2터미널,45857,5301,43060,4950,51158,48010
202008,공항철도 1호선,인천공항2터미널,45991,5844,43129,5405,51835,48534
202009,공항철도 1호선,인천공항2터미널,43375,4796,40907,4333,48171,45240
202010,공항철도 1호선,인천공항2터미널,44796,4959,42414,4444,49755,46858
202011,공항철도 1호선,인천공항2터미널,44508,4728,42024,4273,49236,46297
202012,공항철도 1호선,인천공항2터미널,44508,5189,43135,4734,49697,47869
202001,수인선,인천논현,134351,34590,142221,34761,168941,176982
202002,수인선,인천논현,114827,26127,120054,26587,140954,146641
202003,수인선,인천논현,97963,19074,101887,19714,117037,121601
202004,수인선,인천논현,103307,21340,107725,21760,124647,129485
202005,수인선,인천논현,108658,25050,114480,25343,133708,139823
202006,수인선,인천논현,112985,23660,119872,24228,136645,144100
202007,수인선,인천논현,122560,26151,129255,26767,148711,156022
202008,수인선,인천논현,101635,22641,107168,23206,124276,130374
202009,수인선,인천논현,96686,22410,102643,22912,119096,125555
202010,수인선,인천논현,115578,25789,123141,26369,141367,149510
202011,수인선,인천논현,116201,25202,124165,25699,141403,149864
202012,수인선,인천논현,96493,21308,101790,21729,117801,123519
202001,수인선,인하대,123799,23439,116317,22472,147238,138789
202002,수인선,인하대,101664,18140,96360,17471,119804,113831
202003,수인선,인하대,90113,15826,85067,15403,105939,100470
202004,수인선,인하대,94421,18033,88836,17533,112454,106369
202005,수인선,인하대,96193,20048,90583,19195,116241,109778
202006,수인선,인하대,110791,19281,103751,18528,130072,122279
202007,수인선,인하대,118856,20619,110537,20006,139475,130543
202008,수인선,인하대,98103,17554,91848,17108,115657,108956
202009,수인선,인하대,102592,18479,95154,17960,121071,113114
202010,수인선,인하대,127349,21991,119103,21094,149340,140197
202011,수인선,인하대,130411,20670,123012,20034,151081,143046
202012,수인선,인하대,107100,17633,99170,17236,124733,116406
202001,경의선,일산,203066,56960,196532,56943,260026,253475
202002,경의선,일산,171160,41015,166009,41102,212175,207111
202003,경의선,일산,148743,34579,146908,34629,183322,181537
202004,경의선,일산,158839,40940,154976,40909,199779,195885
202005,경의선,일산,175011,51318,171464,51544,226329,223008
202006,경의선,일산,190971,49754,187926,49710,240725,237636
202007,경의선,일산,204332,50419,199579,50451,254751,250030
202008,경의선,일산,162520,40599,159205,40786,203119,199991
202009,경의선,일산,155941,43121,155187,43603,199062,198790
202010,경의선,일산,187944,50421,182772,50556,238365,233328
202011,경의선,일산,189360,49763,185500,49648,239123,235148
202012,경의선,일산,151647,38175,152572,38703,189822,191275
202001,3호선,일원,220568,62685,220318,62616,283253,282934
202002,3호선,일원,182086,44365,181151,44051,226451,225202
202003,3호선,일원,141413,32642,140010,32296,174055,172306
202004,3호선,일원,153106,38232,150346,37996,191338,188342
202005,3호선,일원,166837,44799,163154,44164,211636,207318
202006,3호선,일원,189530,47087,184163,46789,236617,230952
202007,3호선,일원,207046,50712,201259,50356,257758,251615
202008,3호선,일원,167514,42092,166418,41754,209606,208172
202009,3호선,일원,157351,41165,155392,40503,198516,195895
202010,3호선,일원,184400,47574,180819,46922,231974,227741
202011,3호선,일원,191198,48734,187760,48232,239932,235992
202012,3호선,일원,157538,40089,154921,39304,197627,194225
202003,경의선,임진강,274,186,265,210,460,475
202004,경의선,임진강,540,719,481,779,1259,1260
202005,경의선,임진강,600,526,475,541,1126,1016
202006,경의선,임진강,396,380,296,394,776,690
202007,경의선,임진강,363,321,187,340,684,527
202008,경의선,임진강,195,254,120,247,449,367
202009,경의선,임진강,356,306,250,331,662,581
202010,경의선,임진강,628,645,503,641,1273,1144
202011,경의선,임진강,347,295,212,300,642,512
202012,경의선,임진강,184,189,114,181,373,295
202001,2호선,잠실(송파구청) 2호선,2253493,195766,2174150,187408,2449259,2361558
202002,2호선,잠실(송파구청) 2호선,1706760,128395,1651118,121913,1835155,1773031
202003,2호선,잠실(송파구청) 2호선,1377883,100551,1337162,95613,1478434,1432775
202004,2호선,잠실(송파구청) 2호선,1422389,115451,1379692,110121,1537840,1489813
202005,2호선,잠실(송파구청) 2호선,1580411,146015,1544243,138548,1726426,1682791
202006,2호선,잠실(송파구청) 2호선,1579737,146216,1563463,140007,1725953,1703470
202007,2호선,잠실(송파구청) 2호선,1755755,158001,1741395,152177,1913756,1893572
202008,2호선,잠실(송파구청) 2호선,1458691,130386,1442351,124127,1589077,1566478
202009,2호선,잠실(송파구청) 2호선,1270679,118662,1255126,112801,1389341,1367927
202010,2호선,잠실(송파구청) 2호선,1592058,150499,1561033,142520,1742557,1703553
202011,2호선,잠실(송파구청) 2호선,1604232,148702,1593912,142275,1752934,1736187
202012,2호선,잠실(송파구청) 2호선,1224513,116119,1217835,110966,1340632,1328801
202001,8호선,잠실(송파구청) 8호선,410007,72625,477204,69638,482632,546842
202002,8호선,잠실(송파구청) 8호선,309490,47190,363086,45641,356680,408727
202003,8호선,잠실(송파구청) 8호선,261965,37484,302563,35442,299449,338005
202004,8호선,잠실(송파구청) 8호선,269173,42329,313220,40496,311502,353716
202005,8호선,잠실(송파구청) 8호선,298430,52160,350697,49923,350590,400620
202006,8호선,잠실(송파구청) 8호선,300944,53417,357337,51230,354361,408567
202007,8호선,잠실(송파구청) 8호선,329762,58184,393215,55280,387946,448495
202008,8호선,잠실(송파구청) 8호선,289395,49744,338126,47033,339139,385159
202009,8호선,잠실(송파구청) 8호선,257533,45274,297279,43117,302807,340396
202010,8호선,잠실(송파구청) 8호선,306037,54537,362671,52381,360574,415052
202011,8호선,잠실(송파구청) 8호선,312947,53924,369156,51754,366871,420910
202012,8호선,잠실(송파구청) 8호선,260922,45484,296173,42831,306406,339004
202001,2호선,잠실나루,358769,86494,345698,86858,445263,432556
202002,2호선,잠실나루,290715,60474,278275,60188,351189,338463
202003,2호선,잠실나루,241602,46597,233250,46551,288199,279801
202004,2호선,잠실나루,254613,53516,244434,53616,308129,298050
202005,2호선,잠실나루,282046,65314,270731,65760,347360,336491
202006,2호선,잠실나루,303303,67784,292111,68127,371087,360238
202007,2호선,잠실나루,325703,72139,311665,72462,397842,384127
202008,2호선,잠실나루,263519,58460,252485,58765,321979,311250
202009,2호선,잠실나루,246940,56207,237997,56479,303147,294476
202010,2호선,잠실나루,284814,66625,273307,66766,351439,340073
202011,2호선,잠실나루,291315,67255,280661,67642,358570,348303
202012,2호선,잠실나루,236716,54118,228291,54356,290834,282647
202001,2호선,잠실새내,576639,106293,589290,105636,682932,694926
202002,2호선,잠실새내,478015,77195,483051,76965,555210,560016
202003,2호선,잠실새내,381701,60360,387773,60671,442061,448444
202004,2호선,잠실새내,408366,68086,419412,68252,476452,487664
202005,2호선,잠실새내,441871,82499,457093,83105,524370,540198
202006,2호선,잠실새내,460898,82757,470877,83190,543655,554067
202007,2호선,잠실새내,498225,87474,507431,87604,585699,595035
202008,2호선,잠실새내,409740,73208,417566,74092,482948,491658
202009,2호선,잠실새내,363411,70431,369392,70938,433842,440330
202010,2호선,잠실새내,432342,80790,443420,81486,513132,524906
202011,2호선,잠실새내,441550,80892,446894,81300,522442,528194
202012,2호선,잠실새내,353037,66730,353625,67191,419767,420816
202001,3호선,잠원,142543,36683,137480,35591,179226,173071
202002,3호선,잠원,119098,26659,115734,26026,145757,141760
202003,3호선,잠원,93293,20565,91812,19886,113858,111698
202004,3호선,잠원,103325,23794,100430,23040,127119,123470
202005,3호선,잠원,119550,29156,115232,28623,148706,143855
202006,3호선,잠원,125204,29649,121161,28755,154853,149916
202007,3호선,잠원,131221,31215,126281,30541,162436,156822
202008,3호선,잠원,106413,25994,102249,24974,132407,127223
202009,3호선,잠원,95392,24392,94164,23768,119784,117932
202010,3호선,잠원,106035,27228,105364,26741,133263,132105
202011,3호선,잠원,102684,25093,101132,24457,127777,125589
202012,3호선,잠원,77577,19256,77328,18819,96833,96147
202001,7호선,장승배기,235175,73358,225896,73676,308533,299572
202002,7호선,장승배기,205906,54680,197652,55275,260586,252927
202003,7호선,장승배기,177778,42702,170008,43652,220480,213660
202004,7호선,장승배기,183578,47889,174326,48299,231467,222625
202005,7호선,장승배기,199465,57389,189708,57965,256854,247673
202006,7호선,장승배기,206592,56488,197506,57660,263080,255166
202007,7호선,장승배기,219175,60154,208453,61033,279329,269486
202008,7호선,장승배기,187107,52683,178421,53227,239790,231648
202009,7호선,장승배기,176292,50260,168333,50653,226552,218986
202010,7호선,장승배기,195877,56941,185722,57098,252818,242820
202011,7호선,장승배기,201214,56855,191724,56952,258069,248676
202012,7호선,장승배기,171191,47355,165713,48065,218546,213778
202001,7호선,장암,61148,7247,20470,4698,68395,25168
202002,7호선,장암,55541,6158,17613,3917,61699,21530
202003,7호선,장암,49366,6366,18191,4486,55732,22677
202004,7호선,장암,49998,7625,19991,5512,57623,25503
202005,7호선,장암,53396,9311,21739,6725,62707,28464
202006,7호선,장암,56279,8697,21486,5950,64976,27436
202007,7호선,장암,59590,9716,22728,6881,69306,29609
202008,7호선,장암,50502,7992,19227,5775,58494,25002
202009,7호선,장암,48749,8492,19443,6027,57241,25470
202010,7호선,장암,54396,9347,22637,6456,63743,29093
202011,7호선,장암,53946,7788,20998,4917,61734,25915
202012,7호선,장암,44662,5883,17550,3787,50545,21337
202001,8호선,장지,459258,73210,436540,69454,532468,505994
202002,8호선,장지,383259,54402,364884,52265,437661,417149
202003,8호선,장지,318572,43824,310466,42187,362396,352653
202004,8호선,장지,341234,51232,328028,48625,392466,376653
202005,8호선,장지,371429,60543,356999,57283,431972,414282
202006,8호선,장지,393172,61273,378036,58038,454445,436074
202007,8호선,장지,419089,63636,398489,60183,482725,458672
202008,8호선,장지,350546,53919,340559,51380,404465,391939
202009,8호선,장지,332256,52224,325280,49938,384480,375218
202010,8호선,장지,379862,61387,360713,58301,441249,419014
202011,8호선,장지,390445,61636,373441,58332,452081,431773
202012,8호선,장지,328709,51132,326186,49238,379841,375424
202001,5호선,장한평,434829,96223,431902,97468,531052,529370
202002,5호선,장한평,386431,74414,383637,75376,460845,459013
202003,5호선,장한평,334427,57180,331789,58014,391607,389803
202004,5호선,장한평,343360,63214,338844,64245,406574,403089
202005,5호선,장한평,364405,71143,361254,71859,435548,433113
202006,5호선,장한평,390331,70773,385264,71682,461104,456946
202007,5호선,장한평,410554,73669,403677,74109,484223,477786
202008,5호선,장한평,347251,63709,342344,64206,410960,406550
202009,5호선,장한평,335709,61380,329739,61758,397089,391497
202010,5호선,장한평,368478,71178,361315,71945,439656,433260
202011,5호선,장한평,386201,71767,379281,72657,457968,451938
202012,5호선,장한평,335466,60168,332949,61281,395634,394230
202001,우이신설선,정릉,82409,44699,73275,42207,127108,115482
202002,우이신설선,정릉,70549,33544,64048,32195,104093,96243
202003,우이신설선,정릉,62150,28832,56933,28014,90982,84947
202004,우이신설선,정릉,66179,33329,59076,32005,99508,91081
202005,우이신설선,정릉,72409,38908,64992,36490,111317,101482
202006,우이신설선,정릉,76643,37361,69264,35664,114004,104928
202007,우이신설선,정릉,81541,40089,72718,37763,121630,110481
202008,우이신설선,정릉,66638,32554,59522,30836,99192,90358
202009,우이신설선,정릉,66493,33930,60047,31834,100423,91881
202010,우이신설선,정릉,77651,38547,68973,36290,116198,105263
202011,우이신설선,정릉,78632,37765,71501,36012,116397,107513
202012,우이신설선,정릉,64975,31526,61314,30744,96501,92058
202001,일산선,정발산,190425,53000,206975,49876,243425,256851
202002,일산선,정발산,151063,36947,163067,34710,188010,197777
202003,일산선,정발산,126826,27982,136456,26593,154808,163049
202004,일산선,정발산,137225,33816,145048,31441,171041,176489
202005,일산선,정발산,152386,44845,164951,42445,197231,207396
202006,일산선,정발산,151197,42588,162222,40518,193785,202740
202007,일산선,정발산,160767,44106,173213,41422,204873,214635
202008,일산선,정발산,132545,34904,139940,32697,167449,172637
202009,일산선,정발산,123863,33193,129455,31232,157056,160687
202010,일산선,정발산,148592,41549,156976,39329,190141,196305
202011,일산선,정발산,145071,39192,150142,36716,184263,186858
202012,일산선,정발산,118184,31140,117709,29037,149324,146746
202001,과천선,정부과천청사,273320,63264,270208,60276,336584,330484
202002,과천선,정부과천청사,217934,41532,216177,39874,259466,256051
202003,과천선,정부과천청사,153033,25422,150601,25218,178455,175819
202004,과천선,정부과천청사,166115,30754,165061,30281,196869,195342
202005,과천선,정부과천청사,182796,37883,183023,37052,220679,220075
202006,과천선,정부과천청사,195998,37039,194808,36201,233037,231009
202007,과천선,정부과천청사,208270,39140,206610,38406,247410,245016
202008,과천선,정부과천청사,170836,32835,168882,32262,203671,201144
202009,과천선,정부과천청사,163205,32938,162744,32511,196143,195255
202010,과천선,정부과천청사,191524,38354,189232,37868,229878,227100
202011,과천선,정부과천청사,197781,37811,195879,36776,235592,232655
202012,과천선,정부과천청사,164412,30646,164048,29949,195058,193997
202001,안산선,정왕,195485,22025,206865,23712,217510,230577
202002,안산선,정왕,148528,17025,159112,18447,165553,177559
202003,안산선,정왕,129969,14761,140021,16403,144730,156424
202004,안산선,정왕,138381,16845,147605,18375,155226,165980
202005,안산선,정왕,165765,19045,175032,20439,184810,195471
202006,안산선,정왕,183771,19094,193831,20812,202865,214643
202007,안산선,정왕,176453,19780,187397,21432,196233,208829
202008,안산선,정왕,145925,17567,157557,18653,163492,176210
202009,안산선,정왕,170494,18233,180229,19783,188727,200012
202010,안산선,정왕,219344,21168,229369,22678,240512,252047
202011,안산선,정왕,219613,20418,229665,21989,240031,251654
202012,안산선,정왕,172468,17275,181721,18591,189743,200312
202001,분당선,정자,427263,73179,457688,73606,500442,531294
202002,분당선,정자,368334,48702,394295,49059,417036,443354
202003,분당선,정자,275007,35944,295473,35658,310951,331131
202004,분당선,정자,308411,42360,331104,42080,350771,373184
202005,분당선,정자,347211,52655,374938,52945,399866,427883
202006,분당선,정자,370898,52044,400089,52687,422942,452776
202007,분당선,정자,398364,55459,428975,55761,453823,484736
202008,분당선,정자,324414,45269,346478,45482,369683,391960
202009,분당선,정자,292222,45266,307417,44337,337488,351754
202010,분당선,정자,348653,55194,374812,55165,403847,429977
202011,분당선,정자,359339,55174,385470,55418,414513,440888
202012,분당선,정자,282013,43829,298941,43748,325842,342689
202001,1호선,제기동,260659,335767,255740,360747,596426,616487
202002,1호선,제기동,216277,206429,209368,218884,422706,428252
202003,1호선,제기동,188686,173362,184888,185671,362048,370559
202004,1호선,제기동,199566,215954,194428,231300,415520,425728
202005,1호선,제기동,214775,239192,210247,255850,453967,466097
202006,1호선,제기동,218651,220491,213342,236612,439142,449954
202007,1호선,제기동,229605,235194,222925,252505,464799,475430
202008,1호선,제기동,194286,199900,189111,214463,394186,403574
202009,1호선,제기동,202713,246990,199630,268967,449703,468597
202010,1호선,제기동,219703,253380,213229,271939,473083,485168
202011,1호선,제기동,223204,240998,216130,257699,464202,473829
202012,1호선,제기동,193158,192893,189518,206219,386051,395737
202001,경인선,제물포,240446,61903,223131,61714,302349,284845
202002,경인선,제물포,202540,46961,188570,46529,249501,235099
202003,경인선,제물포,170028,37227,158310,36904,207255,195214
202004,경인선,제물포,181212,43484,168037,43394,224696,211431
202005,경인선,제물포,202487,48718,187371,48655,251205,236026
202006,경인선,제물포,221578,47510,205350,47296,269088,252646
202007,경인선,제물포,234451,51367,216464,50953,285818,267417
202008,경인선,제물포,191316,45044,179230,44652,236360,223882
202009,경인선,제물포,181526,44901,170948,44512,226427,215460
202010,경인선,제물포,222385,51812,206602,50968,274197,257570
202011,경인선,제물포,223824,50182,209803,49625,274006,259428
202012,경인선,제물포,176867,43057,168193,42489,219924,210682
202001,1호선,종각,1093566,161226,1049286,151128,1254792,1200414
202002,1호선,종각,872537,112493,849775,105074,985030,954849
202003,1호선,종각,657857,86539,648335,80220,744396,728555
202004,1호선,종각,706082,96784,687093,90826,802866,777919
202005,1호선,종각,768519,113420,751259,106445,881939,857704
202006,1호선,종각,835492,115712,825294,109134,951204,934428
202007,1호선,종각,915920,126653,905687,119811,1042573,1025498
202008,1호선,종각,708749,109905,698507,102839,818654,801346
202009,1호선,종각,600944,95352,591275,89734,696296,681009
202010,1호선,종각,742425,113554,733823,107509,855979,841332
202011,1호선,종각,779391,111601,757727,103762,890992,861489
202012,1호선,종각,576469,91323,557323,84714,667792,642037
202001,1호선,종로3가(1호선),619272,364104,595970,338705,983376,934675
202002,1호선,종로3가(1호선),478117,242424,458780,226097,720541,684877
202003,1호선,종로3가(1호선),358344,197107,339581,186245,555451,525826
202004,1호선,종로3가(1호선),388837,231829,368220,220625,620666,588845
202005,1호선,종로3가(1호선),428388,272866,399882,258827,701254,658709
202006,1호선,종로3가(1호선),433145,261677,402591,247574,694822,650165
202007,1호선,종로3가(1호선),496094,283227,465884,267518,779321,733402
202008,1호선,종로3가(1호선),377954,239610,355686,226630,617564,582316
202009,1호선,종로3가(1호선),316661,226692,287846,213457,543353,501303
202010,1호선,종로3가(1호선),401426,267189,367992,250128,668615,618120
202011,1호선,종로3가(1호선),415759,253486,380983,236161,669245,617144
202012,1호선,종로3가(1호선),305614,187492,275379,175042,493106,450421
202001,3호선,종로3가(3호선),252780,61859,323872,69312,314639,393184
202002,3호선,종로3가(3호선),211624,47011,257722,51073,258635,308795
202003,3호선,종로3가(3호선),181460,39051,215176,42011,220511,257187
202004,3호선,종로3가(3호선),180754,40996,220747,44914,221750,265661
202005,3호선,종로3가(3호선),186156,46851,231562,52818,233007,284380
202006,3호선,종로3가(3호선),200586,47365,248654,52876,247951,301530
202007,3호선,종로3가(3호선),221410,51668,280254,57956,273078,338210
202008,3호선,종로3가(3호선),171462,43213,213248,48300,214675,261548
202009,3호선,종로3가(3호선),159531,42075,194302,47475,201606,241777
202010,3호선,종로3가(3호선),181619,46650,236855,53828,228269,290683
202011,3호선,종로3가(3호선),193761,47506,239642,53577,241267,293219
202012,3호선,종로3가(3호선),157536,39865,183033,43233,197401,226266
202001,5호선,종로3가(5호선),372355,115798,346463,120707,488153,467170
202002,5호선,종로3가(5호선),267364,76473,254729,80417,343837,335146
202003,5호선,종로3가(5호선),188868,56014,184839,61539,244882,246378
202004,5호선,종로3가(5호선),211200,64543,209221,70327,275743,279548
202005,5호선,종로3가(5호선),234113,78021,230483,84621,312134,315104
202006,5호선,종로3가(5호선),245033,76531,242266,82700,321564,324966
202007,5호선,종로3가(5호선),288694,85022,284329,91012,373716,375341
202008,5호선,종로3가(5호선),217208,73653,211880,78323,290861,290203
202009,5호선,종로3가(5호선),178236,66874,176362,72351,245110,248713
202010,5호선,종로3가(5호선),243631,79677,241637,85637,323308,327274
202011,5호선,종로3가(5호선),239324,78865,226665,84341,318189,311006
202012,5호선,종로3가(5호선),156215,53737,150278,58095,209952,208373
202001,1호선,종로5가,507339,255145,513603,245168,762484,758771
202002,1호선,종로5가,384746,186911,392799,178789,571657,571588
202003,1호선,종로5가,297544,170826,308578,164358,468370,472936
202004,1호선,종로5가,315667,200562,325844,192744,516229,518588
202005,1호선,종로5가,345795,240851,358711,231612,586646,590323
202006,1호선,종로5가,356925,229801,369491,220667,586726,590158
202007,1호선,종로5가,385593,240595,403254,231238,626188,634492
202008,1호선,종로5가,309584,194856,320772,186994,504440,507766
202009,1호선,종로5가,295041,198655,301544,190007,493696,491551
202010,1호선,종로5가,334699,222073,347996,215046,556772,563042
202011,1호선,종로5가,342225,205830,351197,197086,548055,548283
202012,1호선,종로5가,284517,180822,288101,174176,465339,462277
202001,2호선,종합운동장(2호선),224243,45682,251744,46868,269925,298612
202002,2호선,종합운동장(2호선),158537,29623,174374,30688,188160,205062
202003,2호선,종합운동장(2호선),117933,19337,127343,19806,137270,147149
202004,2호선,종합운동장(2호선),124211,21348,134927,22361,145559,157288
202005,2호선,종합운동장(2호선),145385,29651,158789,31158,175036,189947
202006,2호선,종합운동장(2호선),155387,29182,169265,30777,184569,200042
202007,2호선,종합운동장(2호선),174612,31985,188541,33163,206597,221704
202008,2호선,종합운동장(2호선),151836,26899,165155,28040,178735,193195
202009,2호선,종합운동장(2호선),123812,24767,133886,25195,148579,159081
202010,2호선,종합운동장(2호선),175638,32291,196573,33846,207929,230419
202011,2호선,종합운동장(2호선),168002,33308,190987,34740,201310,225727
202012,2호선,종합운동장(2호선),114510,23283,125721,23120,137793,148841
202001,9호선2~3단계,종합운동장(9호선),117829,17152,107877,15506,134981,123383
202002,9호선2~3단계,종합운동장(9호선),95320,12555,90597,11311,107875,101908
202003,9호선2~3단계,종합운동장(9호선),76648,9718,73992,8824,86366,82816
202004,9호선2~3단계,종합운동장(9호선),80765,10376,78161,9485,91141,87646
202005,9호선2~3단계,종합운동장(9호선),89411,13290,85973,11969,102701,97942
202006,9호선2~3단계,종합운동장(9호선),94694,13861,92129,12408,108555,104537
202007,9호선2~3단계,종합운동장(9호선),102053,14867,99531,13203,116920,112734
202008,9호선2~3단계,종합운동장(9호선),85708,12418,83281,11318,98126,94599
202009,9호선2~3단계,종합운동장(9호선),74731,11324,72940,10546,86055,83486
202010,9호선2~3단계,종합운동장(9호선),88745,13746,86145,12803,102491,98948
202011,9호선2~3단계,종합운동장(9호선),91193,13891,88138,12970,105084,101108
202012,9호선2~3단계,종합운동장(9호선),74660,10875,73203,10347,85535,83550
202001,경인선,주안,541888,94673,488283,84698,636561,572981
202002,경인선,주안,448803,68305,406608,61372,517108,467980
202003,경인선,주안,380266,53377,347260,48452,433643,395712
202004,경인선,주안,400585,61714,364660,56147,462299,420807
202005,경인선,주안,423964,71813,383937,64972,495777,448909
202006,경인선,주안,438673,68075,399691,61196,506748,460887
202007,경인선,주안,475910,73828,429026,66715,549738,495741
202008,경인선,주안,399057,64889,362341,58448,463946,420789
202009,경인선,주안,371215,62078,337847,56447,433293,394294
202010,경인선,주안,439181,71222,396598,64522,510403,461120
202011,경인선,주안,440849,69249,400365,62508,510098,462873
202012,경인선,주안,356585,59584,327041,54161,416169,381202
202001,일산선,주엽,188441,90200,190215,94555,278641,284770
202002,일산선,주엽,150408,59704,152965,61871,210112,214836
202003,일산선,주엽,125278,45082,127581,46181,170360,173762
202004,일산선,주엽,134642,53625,135281,55279,188267,190560
202005,일산선,주엽,151223,67968,150878,70363,219191,221241
202006,일산선,주엽,160472,68651,160403,71241,229123,231644
202007,일산선,주엽,172226,73271,172113,76034,245497,248147
202008,일산선,주엽,140199,60207,140281,62004,200406,202285
202009,일산선,주엽,128654,58163,129471,59928,186817,189399
202010,일산선,주엽,153051,69208,151684,70728,222259,222412
202011,일산선,주엽,156276,66646,154569,68527,222922,223096
202012,일산선,주엽,126562,53762,127946,54693,180324,182639
202001,분당선,죽전,350444,73719,386767,80445,424163,467212
202002,분당선,죽전,287655,49515,316882,53427,337170,370309
202003,분당선,죽전,225181,33411,243921,35120,258592,279041
202004,분당선,죽전,249897,42425,272929,44472,292322,317401
202005,분당선,죽전,284063,55243,312203,58442,339306,370645
202006,분당선,죽전,295062,53561,325712,57399,348623,383111
202007,분당선,죽전,313822,56229,347166,61398,370051,408564
202008,분당선,죽전,253574,46783,282922,50339,300357,333261
202009,분당선,죽전,243717,45575,268329,48488,289292,316817
202010,분당선,죽전,292475,58731,320352,61368,351206,381720
202011,분당선,죽전,298899,57288,329996,60545,356187,390541
202012,분당선,죽전,242573,42432,264537,45130,285005,309667
202001,7호선,중계,350396,91119,314532,87997,441515,402529
202002,7호선,중계,299562,68704,266462,66764,368266,333226
202003,7호선,중계,248779,53693,216830,52158,302472,268988
202004,7호선,중계,260500,61309,225550,59590,321809,285140
202005,7호선,중계,284867,72109,249714,68778,356976,318492
202006,7호선,중계,306061,73388,270208,70678,379449,340886
202007,7호선,중계,318201,77370,279121,74606,395571,353727
202008,7호선,중계,264924,64663,233752,62344,329587,296096
202009,7호선,중계,253115,63748,223786,61300,316863,285086
202010,7호선,중계,290556,74901,255919,72103,365457,328022
202011,7호선,중계,298958,74074,266471,70916,373032,337387
202012,7호선,중계,251344,60135,226596,58204,311479,284800
202001,7호선,중곡,229724,59454,209469,59925,289178,269394
202002,7호선,중곡,203894,47315,186635,47763,251209,234398
202003,7호선,중곡,179720,38213,164520,38702,217933,203222
202004,7호선,중곡,183395,41786,166682,42360,225181,209042
202005,7호선,중곡,197742,48194,179604,48743,245936,228347
202006,7호선,중곡,210444,46877,189441,47769,257321,237210
202007,7호선,중곡,224162,50315,199749,51096,274477,250845
202008,7호선,중곡,187436,42874,169608,43955,230310,213563
202009,7호선,중곡,182655,42222,166924,43129,224877,210053
202010,7호선,중곡,206851,47951,186392,48949,254802,235341
202011,7호선,중곡,212953,47744,191987,48762,260697,240749
202012,7호선,중곡,184065,40450,172638,41744,224515,214382
202001,경인선,중동,211420,66579,194213,66163,277999,260376
202002,경인선,중동,177193,49091,164013,48860,226284,212873
202003,경인선,중동,155502,40891,144071,40600,196393,184671
202004,경인선,중동,163950,46576,152287,45949,210526,198236
202005,경인선,중동,176705,54406,163946,54029,231111,217975
202006,경인선,중동,184194,51985,170105,51185,236179,221290
202007,경인선,중동,196410,56444,181854,56321,252854,238175
202008,경인선,중동,165594,49431,153968,49136,215025,203104
202009,경인선,중동,160439,49044,150651,49085,209483,199736
202010,경인선,중동,182036,56298,168141,55892,238334,224033
202011,경인선,중동,184020,55475,171392,55132,239495,226524
202012,경인선,중동,155834,45891,147461,45427,201725,192888
202001,중앙선,중랑,115756,49244,108766,48761,165000,157527
202002,중앙선,중랑,100416,37288,96761,37586,137704,134347
202003,중앙선,중랑,90910,32777,85727,32592,123687,118319
202004,중앙선,중랑,94107,37703,89218,37099,131810,126317
202005,중앙선,중랑,101752,44144,96492,43416,145896,139908
202006,중앙선,중랑,106238,41855,100221,41456,148093,141677
202007,중앙선,중랑,112096,44004,104922,43138,156100,148060
202008,중앙선,중랑,97367,37490,90885,37115,134857,128000
202009,중앙선,중랑,93217,38467,87387,37736,131684,125123
202010,중앙선,중랑,104291,42818,98980,42182,147109,141162
202011,중앙선,중랑,104794,40387,99489,39642,145181,139131
202012,중앙선,중랑,89690,33693,85758,33255,123383,119013
202001,안산선,중앙,449280,55326,477676,54106,504606,531782
202002,안산선,중앙,360110,39742,383165,39144,399852,422309
202003,안산선,중앙,298365,29741,317620,29130,328106,346750
202004,안산선,중앙,318891,34581,341557,33836,353472,375393
202005,안산선,중앙,373014,42983,394806,42218,415997,437024
202006,안산선,중앙,377387,42381,399406,41613,419768,441019
202007,안산선,중앙,394771,45129,418837,44418,439900,463255
202008,안산선,중앙,330412,37751,350718,36777,368163,387495
202009,안산선,중앙,316528,37261,336173,36619,353789,372792
202010,안산선,중앙,414991,47095,438178,46489,462086,484667
202011,안산선,중앙,413392,47194,435124,46366,460586,481490
202012,안산선,중앙,313286,37514,326609,36825,350800,363434
202001,9호선2~3단계,중앙보훈병원,188221,66549,165204,66996,254770,232200
202002,9호선2~3단계,중앙보훈병원,164614,53272,143925,53682,217886,197607
202003,9호선2~3단계,중앙보훈병원,137406,47642,120879,47022,185048,167901
202004,9호선2~3단계,중앙보훈병원,144249,51495,126422,50918,195744,177340
202005,9호선2~3단계,중앙보훈병원,161818,57591,141700,56719,219409,198419
202006,9호선2~3단계,중앙보훈병원,181072,63157,156495,62460,244229,218955
202007,9호선2~3단계,중앙보훈병원,194778,66771,168045,65939,261549,233984
202008,9호선2~3단계,중앙보훈병원,158517,57019,134985,56312,215536,191297
202009,9호선2~3단계,중앙보훈병원,144872,55021,122838,54542,199893,177380
202010,9호선2~3단계,중앙보훈병원,166874,62257,141972,61915,229131,203887
202011,9호선2~3단계,중앙보훈병원,172530,61586,146358,61149,234116,207507
202012,9호선2~3단계,중앙보훈병원,141898,55033,121286,54578,196931,175864
202001,7호선,중화,266253,62891,256334,62542,329144,318876
202002,7호선,중화,235216,50793,226871,50784,286009,277655
202003,7호선,중화,209932,42522,201183,42679,252454,243862
202004,7호선,중화,214941,47103,204359,47319,262044,251678
202005,7호선,중화,230826,54993,220887,54646,285819,275533
202006,7호선,중화,239448,53257,228589,52660,292705,281249
202007,7호선,중화,251788,56012,240813,56283,307800,297096
202008,7호선,중화,218411,48257,207972,48224,266668,256196
202009,7호선,중화,207526,47263,200138,47211,254789,247349
202010,7호선,중화,228688,53593,218922,53398,282281,272320
202011,7호선,중화,233716,52804,225344,52787,286520,278131
202012,7호선,중화,203910,45080,200922,45089,248990,246011
202001,9호선,증미,155868,42549,157809,43462,198417,201271
202002,9호선,증미,138269,31903,139518,32846,170172,172364
202003,9호선,증미,121549,26577,121766,27157,148126,148923
202004,9호선,증미,125437,28936,123401,29284,154373,152685
202005,9호선,증미,129977,32732,128729,33227,162709,161956
202006,9호선,증미,141946,33478,140343,34101,175424,174444
202007,9호선,증미,151045,36576,149501,36953,187621,186454
202008,9호선,증미,132632,33251,131885,33593,165883,165478
202009,9호선,증미,126718,33630,126941,34138,160348,161079
202010,9호선,증미,135955,34429,134597,34873,170384,169470
202011,9호선,증미,141007,34479,140140,35153,175486,175293
202012,9호선,증미,125623,29881,127495,30713,155504,158208
202001,6호선,증산(명지대앞),232102,68736,220977,69042,300838,290019
202002,6호선,증산(명지대앞),204966,54171,195069,54226,259137,249295
202003,6호선,증산(명지대앞),182782,46060,176226,46633,228842,222859
202004,6호선,증산(명지대앞),187406,52978,179109,53877,240384,232986
202005,6호선,증산(명지대앞),198868,61254,190793,61660,260122,252453
202006,6호선,증산(명지대앞),208813,60465,199934,60593,269278,260527
202007,6호선,증산(명지대앞),218209,62321,207193,62841,280530,270034
202008,6호선,증산(명지대앞),188005,53581,179244,54083,241586,233327
202009,6호선,증산(명지대앞),178840,52881,171568,53180,231721,224748
202010,6호선,증산(명지대앞),201837,60698,191665,61354,262535,253019
202011,6호선,증산(명지대앞),204151,58690,196355,59601,262841,255956
202012,6호선,증산(명지대앞),176019,50475,173944,51368,226494,225312
202001,경부선,지제,67063,8073,59429,7412,75136,66841
202002,경부선,지제,51960,5767,46546,5336,57727,51882
202003,경부선,지제,42617,4908,39324,4470,47525,43794
202004,경부선,지제,47929,5629,43441,5217,53558,48658
202005,경부선,지제,56511,7013,50346,6432,63524,56778
202006,경부선,지제,58601,6973,54121,6468,65574,60589
202007,경부선,지제,62634,7344,58072,6732,69978,64804
202008,경부선,지제,54505,6300,49844,5742,60805,55586
202009,경부선,지제,52828,6302,48906,5718,59130,54624
202010,경부선,지제,62906,7677,58367,7203,70583,65570
202011,경부선,지제,65660,7584,61711,6998,73244,68709
202012,경부선,지제,57390,6073,53839,5689,63463,59528
202001,3호선,지축(3호선),47320,11219,46703,13023,58539,59726
202002,3호선,지축(3호선),53206,9879,52792,11647,63085,64439
202003,3호선,지축(3호선),56791,9954,56390,11220,66745,67610
202004,3호선,지축(3호선),64562,12107,61178,13266,76669,74444
202005,3호선,지축(3호선),70500,14800,66228,15998,85300,82226
202006,3호선,지축(3호선),75934,14066,71363,15149,90000,86512
202007,3호선,지축(3호선),79376,14826,74492,15820,94202,90312
202008,3호선,지축(3호선),61962,11577,59994,12555,73539,72549
202009,3호선,지축(3호선),60451,12667,58451,13217,73118,71668
202010,3호선,지축(3호선),70618,14869,67059,15561,85487,82620
202011,3호선,지축(3호선),70251,14242,67536,14751,84493,82287
202012,3호선,지축(3호선),58601,11685,57545,11963,70286,69508
202004,일산선,지축(일산선),4,0,0,0,4,0
202007,일산선,지축(일산선),2,0,0,0,2,0
202009,일산선,지축(일산선),1,0,0,0,1,0
202010,일산선,지축(일산선),2,0,0,0,2,0
202011,일산선,지축(일산선),3,0,0,0,3,0
202012,일산선,지축(일산선),4,0,0,0,4,0
202001,중앙선,지평,734,651,623,561,1385,1184
202002,중앙선,지평,515,527,386,420,1042,806
202003,중앙선,지평,482,548,330,473,1030,803
202004,중앙선,지평,500,790,450,804,1290,1254
202005,중앙선,지평,748,915,537,913,1663,1450
202006,중앙선,지평,937,820,621,783,1757,1404
202007,중앙선,지평,904,776,715,786,1680,1501
202008,중앙선,지평,557,679,506,648,1236,1154
202009,중앙선,지평,676,749,565,673,1425,1238
202010,중앙선,지평,1130,795,770,802,1925,1572
202011,중앙선,지평,1024,647,764,557,1671,1321
202012,중앙선,지평,437,454,433,381,891,814
202001,경원선,지행,160422,44228,157551,44254,204650,201805
202002,경원선,지행,128772,33311,126618,32991,162083,159609
202003,경원선,지행,107592,27205,105052,27278,134797,132330
202004,경원선,지행,106943,29339,104732,28985,136282,133717
202005,경원선,지행,132801,36703,130956,36305,169504,167261
202006,경원선,지행,143143,36009,142335,35687,179152,178022
202007,경원선,지행,146004,38137,144920,38037,184141,182957
202008,경원선,지행,119485,31845,118689,31446,151330,150135
202009,경원선,지행,110386,31680,109515,31249,142066,140764
202010,경원선,지행,133459,36669,130127,36249,170128,166376
202011,경원선,지행,137688,35637,135876,35224,173325,171100
202012,경원선,지행,107857,29748,105975,29631,137605,135606
202001,경부선,직산,19764,5118,19269,4787,24882,24056
202002,경부선,직산,14766,3392,14468,3301,18158,17769
202003,경부선,직산,11028,2639,11330,2485,13667,13815
202004,경부선,직산,13513,3489,13714,3385,17002,17099
202005,경부선,직산,15972,4047,16223,3992,20019,20215
202006,경부선,직산,16232,3685,16504,3590,19917,20094
202007,경부선,직산,16958,3882,17310,3751,20840,21061
202008,경부선,직산,14388,3247,14383,3117,17635,17500
202009,경부선,직산,13511,3250,13951,3146,16761,17097
202010,경부선,직산,15964,3790,15964,3746,19754,19710
202011,경부선,직산,15463,3371,15861,3312,18834,19173
202012,경부선,직산,13322,2672,13484,2669,15994,16153
202001,경부선,진위,36291,7395,30425,6792,43686,37217
202002,경부선,진위,28907,5365,24829,5030,34272,29859
202003,경부선,진위,25694,4814,22065,4514,30508,26579
202004,경부선,진위,27861,5364,24230,4966,33225,29196
202005,경부선,진위,30491,6465,26580,6117,36956,32697
202006,경부선,진위,32846,6440,28713,6055,39286,34768
202007,경부선,진위,35209,6336,31551,5811,41545,37362
202008,경부선,진위,29356,5454,26148,5162,34810,31310
202009,경부선,진위,30231,5794,26837,5356,36025,32193
202010,경부선,진위,34072,6526,29287,6138,40598,35425
202011,경부선,진위,34421,6289,30192,5886,40710,36078
202012,경부선,진위,29475,4785,25556,4456,34260,30012
202001,4호선,창동(4호선),627704,197399,671636,205502,825103,877138
202002,4호선,창동(4호선),541022,145912,577952,151764,686934,729716
202003,4호선,창동(4호선),463257,125194,497279,130672,588451,627951
202004,4호선,창동(4호선),477028,138919,506857,144528,615947,651385
202005,4호선,창동(4호선),522021,166213,557512,172846,688234,730358
202006,4호선,창동(4호선),548153,165123,583869,171341,713276,755210
202007,4호선,창동(4호선),581811,182609,617495,189986,764420,807481
202008,4호선,창동(4호선),483030,148494,513391,154934,631524,668325
202009,4호선,창동(4호선),452838,144915,483800,151099,597753,634899
202010,4호선,창동(4호선),516526,159514,545460,165038,676040,710498
202011,4호선,창동(4호선),525406,161415,558128,168415,686821,726543
202012,4호선,창동(4호선),437634,129868,469910,135920,567502,605830
202001,경원선,창동(1호선),15,0,0,0,15,0
202002,경원선,창동(1호선),13,1,0,0,14,0
202003,경원선,창동(1호선),4,0,0,0,4,0
202004,경원선,창동(1호선),7,0,0,0,7,0
202005,경원선,창동(1호선),11,0,0,0,11,0
202006,경원선,창동(1호선),12,1,0,0,13,0
202007,경원선,창동(1호선),15,1,0,0,16,0
202008,경원선,창동(1호선),7,0,0,0,7,0
202009,경원선,창동(1호선),6,0,0,0,6,0
202010,경원선,창동(1호선),10,1,0,0,11,0
202011,경원선,창동(1호선),16,1,0,0,17,0
202012,경원선,창동(1호선),5,1,0,0,6,0
202001,6호선,창신,82380,17900,63908,16812,100280,80720
202002,6호선,창신,72364,14144,55297,13104,86508,68401
202003,6호선,창신,63253,11756,49128,11077,75009,60205
202004,6호선,창신,65033,13305,50401,12574,78338,62975
202005,6호선,창신,69312,15426,53619,14663,84738,68282
202006,6호선,창신,77432,15324,61149,14270,92756,75419
202007,6호선,창신,81348,15990,62960,14690,97338,77650
202008,6호선,창신,65080,13904,50036,12715,78984,62751
202009,6호선,창신,64919,14139,51506,13091,79058,64597
202010,6호선,창신,73085,15266,57992,14234,88351,72226
202011,6호선,창신,77437,15736,61545,14828,93173,76373
202012,6호선,창신,62455,13547,49540,12771,76002,62311
202001,경춘선,천마산,29118,16858,25313,16987,45976,42300
202002,경춘선,천마산,24084,12591,20755,13077,36675,33832
202003,경춘선,천마산,21644,11242,19320,11745,32886,31065
202004,경춘선,천마산,23528,13866,21646,14388,37394,36034
202005,경춘선,천마산,25901,15642,23426,16115,41543,39541
202006,경춘선,천마산,26881,15153,23851,15547,42034,39398
202007,경춘선,천마산,28514,15794,25552,16081,44308,41633
202008,경춘선,천마산,23579,13016,20984,13454,36595,34438
202009,경춘선,천마산,24029,13805,22136,14261,37834,36397
202010,경춘선,천마산,28779,16368,25738,16740,45147,42478
202011,경춘선,천마산,27554,15197,24523,15171,42751,39694
202012,경춘선,천마산,23434,12534,21326,12680,35968,34006
202001,경부선,천안,134705,54952,136996,55051,189657,192047
202002,경부선,천안,89508,32808,91101,33172,122316,124273
202003,경부선,천안,62084,22080,63699,22525,84164,86224
202004,경부선,천안,80414,31017,83647,31743,111431,115390
202005,경부선,천안,107889,40672,109121,41006,148561,150127
202006,경부선,천안,108025,38318,110155,39069,146343,149224
202007,경부선,천안,110315,40810,112725,41199,151125,153924
202008,경부선,천안,100394,36025,102365,36177,136419,138542
202009,경부선,천안,91078,33318,93795,33728,124396,127523
202010,경부선,천안,117575,40733,117015,41180,158308,158195
202011,경부선,천안,108823,34879,110085,35244,143702,145329
202012,경부선,천안,84530,28230,87318,28648,112760,115966
202001,7호선,천왕,236542,50121,210810,49699,286663,260509
202002,7호선,천왕,207590,39109,188260,38875,246699,227135
202003,7호선,천왕,180379,31753,164407,31557,212132,195964
202004,7호선,천왕,191039,36775,173068,36620,227814,209688
202005,7호선,천왕,205086,43294,188638,43160,248380,231798
202006,7호선,천왕,220125,43029,203428,42119,263154,245547
202007,7호선,천왕,233189,46225,214684,45028,279414,259712
202008,7호선,천왕,199345,39765,184748,39056,239110,223804
202009,7호선,천왕,197509,40791,184102,40026,238300,224128
202010,7호선,천왕,223137,45556,206540,44909,268693,251449
202011,7호선,천왕,231679,45219,215540,44894,276898,260434
202012,7호선,천왕,198988,37664,188282,37881,236652,226163
202001,5호선,천호(풍납토성) 5호선,448190,132298,460285,139555,580488,599840
202002,5호선,천호(풍납토성) 5호선,381699,96752,391877,101866,478451,493743
202003,5호선,천호(풍납토성) 5호선,319931,74423,331446,79524,394354,410970
202004,5호선,천호(풍납토성) 5호선,346308,85983,355022,91409,432291,446431
202005,5호선,천호(풍납토성) 5호선,380320,102815,393758,109344,483135,503102
202006,5호선,천호(풍납토성) 5호선,382903,101611,402171,108727,484514,510898
202007,5호선,천호(풍납토성) 5호선,402955,106289,421420,114199,509244,535619
202008,5호선,천호(풍납토성) 5호선,351899,92307,355387,97437,444206,452824
202009,5호선,천호(풍납토성) 5호선,325556,88112,325567,92373,413668,417940
202010,5호선,천호(풍납토성) 5호선,380181,103017,380788,108233,483198,489021
202011,5호선,천호(풍납토성) 5호선,380371,100970,380401,105394,481341,485795
202012,5호선,천호(풍납토성) 5호선,320046,84687,315472,87336,404733,402808
202001,8호선,천호(풍납토성) 8호선,431831,87000,511674,82563,518831,594237
202002,8호선,천호(풍납토성) 8호선,373750,65578,440284,62582,439328,502866
202003,8호선,천호(풍납토성) 8호선,318555,53298,374462,50892,371853,425354
202004,8호선,천호(풍납토성) 8호선,332210,60012,392634,57195,392222,449829
202005,8호선,천호(풍납토성) 8호선,350895,70137,421992,67509,421032,489501
202006,8호선,천호(풍납토성) 8호선,362030,70491,434167,67265,432521,501432
202007,8호선,천호(풍납토성) 8호선,379322,73538,455118,69551,452860,524669
202008,8호선,천호(풍납토성) 8호선,320178,63101,376930,59206,383279,436136
202009,8호선,천호(풍납토성) 8호선,295805,60444,343383,56605,356249,399988
202010,8호선,천호(풍납토성) 8호선,336496,69227,398272,64792,405723,463064
202011,8호선,천호(풍납토성) 8호선,343444,67923,403572,64125,411367,467697
202012,8호선,천호(풍납토성) 8호선,293452,56424,338919,53539,349876,392458
202001,7호선,철산,570447,98177,588350,98074,668624,686424
202002,7호선,철산,488215,73115,502360,73886,561330,576246
202003,7호선,철산,412734,57151,423286,58173,469885,481459
202004,7호선,철산,442735,66879,454752,67704,509614,522456
202005,7호선,철산,476110,80568,491257,81481,556678,572738
202006,7호선,철산,498592,78427,514193,79278,577019,593471
202007,7호선,철산,534956,84657,549557,85279,619613,634836
202008,7호선,철산,443480,71573,454787,71977,515053,526764
202009,7호선,철산,416589,70249,425256,70079,486838,495335
202010,7호선,철산,477391,80492,490425,80856,557883,571281
202011,7호선,철산,487137,80890,498524,80723,568027,579247
202012,7호선,철산,399230,65992,408507,66160,465222,474667
202001,5호선,청구(5호선),90651,27967,86204,21914,118618,108118
202002,5호선,청구(5호선),82324,21782,76786,16997,104106,93783
202003,5호선,청구(5호선),72183,17476,66742,13369,89659,80111
202004,5호선,청구(5호선),73116,19063,68134,14648,92179,82782
202005,5호선,청구(5호선),77671,23321,71339,17384,100992,88723
202006,5호선,청구(5호선),82349,21865,77567,17021,104214,94588
202007,5호선,청구(5호선),85659,22697,82556,17790,108356,100346
202008,5호선,청구(5호선),71543,19500,68586,15298,91043,83884
202009,5호선,청구(5호선),71864,19504,69278,15265,91368,84543
202010,5호선,청구(5호선),78949,21529,76136,16943,100478,93079
202011,5호선,청구(5호선),81237,21238,78568,16838,102475,95406
202012,5호선,청구(5호선),69618,18040,66620,14609,87658,81229
202001,6호선,청구(6호선),87932,20229,92190,24425,108161,116615
202002,6호선,청구(6호선),79322,16304,84326,20160,95626,104486
202003,6호선,청구(6호선),71301,13048,76761,16024,84349,92785
202004,6호선,청구(6호선),72966,14077,77243,17361,87043,94604
202005,6호선,청구(6호선),76344,17197,81253,21351,93541,102604
202006,6호선,청구(6호선),81462,16326,84493,19428,97788,103921
202007,6호선,청구(6호선),85849,16973,87685,19630,102822,107315
202008,6호선,청구(6호선),71614,14335,72521,16980,85949,89501
202009,6호선,청구(6호선),71927,14490,73797,17099,86417,90896
202010,6호선,청구(6호선),79264,16184,79980,18670,95448,98650
202011,6호선,청구(6호선),80619,16191,82476,18908,96810,101384
202012,6호선,청구(6호선),69171,13825,72166,16373,82996,88539
202001,7호선,청담,480392,73379,550461,71312,553771,621773
202002,7호선,청담,441348,59408,502614,56983,500756,559597
202003,7호선,청담,373248,48388,421949,45913,421636,467862
202004,7호선,청담,380769,50501,432544,48095,431270,480639
202005,7호선,청담,409612,58444,463881,55868,468056,519749
202006,7호선,청담,444870,58965,509704,56809,503835,566513
202007,7호선,청담,462011,61933,531222,59497,523944,590719
202008,7호선,청담,387339,52947,438888,50598,440286,489486
202009,7호선,청담,371415,51228,415364,49049,422643,464413
202010,7호선,청담,405590,57452,463285,54909,463042,518194
202011,7호선,청담,429721,58400,491288,55836,488121,547124
202012,7호선,청담,370319,51348,411289,48319,421667,459608
202001,공항철도 1호선,청라국제도시,180786,10811,168206,10582,191597,178788
202002,공항철도 1호선,청라국제도시,147018,7589,137862,7504,154607,145366
202003,공항철도 1호선,청라국제도시,123492,6023,115296,5862,129515,121158
202004,공항철도 1호선,청라국제도시,129318,7166,121208,7084,136484,128292
202005,공항철도 1호선,청라국제도시,136124,8596,128405,8547,144720,136952
202006,공항철도 1호선,청라국제도시,150178,8834,141860,8833,159012,150693
202007,공항철도 1호선,청라국제도시,166370,9744,155682,9678,176114,165360
202008,공항철도 1호선,청라국제도시,138459,8069,129722,7996,146528,137718
202009,공항철도 1호선,청라국제도시,129337,8116,120989,7954,137453,128943
202010,공항철도 1호선,청라국제도시,152158,9869,141200,9570,162027,150770
202011,공항철도 1호선,청라국제도시,155921,9657,145232,9350,165578,154582
202012,공항철도 1호선,청라국제도시,126227,7392,117819,7262,133619,125081
202001,1호선,청량리(서울시립대입구) 1호선,400999,316427,406766,322368,717426,729134
202002,1호선,청량리(서울시립대입구) 1호선,318492,212707,316807,213652,531199,530459
202003,1호선,청량리(서울시립대입구) 1호선,265425,188812,259421,191417,454237,450838
202004,1호선,청량리(서울시립대입구) 1호선,283166,222227,276754,225805,505393,502559
202005,1호선,청량리(서울시립대입구) 1호선,314602,250231,308496,255056,564833,563552
202006,1호선,청량리(서울시립대입구) 1호선,323865,236846,317602,242198,560711,559800
202007,1호선,청량리(서울시립대입구) 1호선,341513,250749,333804,255787,592262,589591
202008,1호선,청량리(서울시립대입구) 1호선,289923,214300,283383,219350,504223,502733
202009,1호선,청량리(서울시립대입구) 1호선,278851,242323,272423,252268,521174,524691
202010,1호선,청량리(서울시립대입구) 1호선,318848,246843,312612,252427,565691,565039
202011,1호선,청량리(서울시립대입구) 1호선,320602,238000,315752,240168,558602,555920
202012,1호선,청량리(서울시립대입구) 1호선,264598,200056,263765,201184,464654,464949
202001,경원선,청량리(서울시립대입구) 중앙선,353027,153255,369311,158772,506282,528083
202002,경원선,청량리(서울시립대입구) 중앙선,254289,98534,275766,103025,352823,378791
202003,경원선,청량리(서울시립대입구) 중앙선,197528,83088,216591,87572,280616,304163
202004,경원선,청량리(서울시립대입구) 중앙선,225703,105303,247643,110716,331006,358359
202005,경원선,청량리(서울시립대입구) 중앙선,268986,123453,289784,129168,392439,418952
202006,경원선,청량리(서울시립대입구) 중앙선,270552,120246,295122,126456,390798,421578
202007,경원선,청량리(서울시립대입구) 중앙선,302432,127345,328108,134934,429777,463042
202008,경원선,청량리(서울시립대입구) 중앙선,250888,103360,271671,109100,354248,380771
202009,경원선,청량리(서울시립대입구) 중앙선,215244,110519,241744,117462,325763,359206
202010,경원선,청량리(서울시립대입구) 중앙선,275209,128070,293895,134474,403279,428369
202011,경원선,청량리(서울시립대입구) 중앙선,272228,123719,291881,131951,395947,423832
202012,경원선,청량리(서울시립대입구) 중앙선,209756,96960,228137,104841,306716,332978
202001,분당선,청명,105550,18833,97079,19018,124383,116097
202002,분당선,청명,85170,13350,79182,13499,98520,92681
202003,분당선,청명,66555,9822,61792,9916,76377,71708
202004,분당선,청명,72627,11648,67426,11857,84275,79283
202005,분당선,청명,82054,14347,77300,14461,96401,91761
202006,분당선,청명,90200,14362,85137,14549,104562,99686
202007,분당선,청명,97811,15378,90776,15797,113189,106573
202008,분당선,청명,78860,12769,74049,12928,91629,86977
202009,분당선,청명,76300,12772,71448,12835,89072,84283
202010,분당선,청명,91503,15240,85481,15154,106743,100635
202011,분당선,청명,93321,14890,87179,14758,108211,101937
202012,분당선,청명,74021,12106,70525,12178,86127,82703
202001,경춘선,청평,43194,15586,39998,15607,58780,55605
202002,경춘선,청평,31457,10915,28970,11067,42372,40037
202003,경춘선,청평,20492,9694,20290,9830,30186,30120
202004,경춘선,청평,25355,13820,25553,13948,39175,39501
202005,경춘선,청평,32210,16515,31402,16740,48725,48142
202006,경춘선,청평,32455,15622,32469,15999,48077,48468
202007,경춘선,청평,43458,15902,42444,16196,59360,58640
202008,경춘선,청평,35218,12239,33489,12340,47457,45829
202009,경춘선,청평,25055,13392,25518,13499,38447,39017
202010,경춘선,청평,32068,16092,31365,16183,48160,47548
202011,경춘선,청평,28247,13008,27556,13000,41255,40556
202012,경춘선,청평,20432,9844,20644,9803,30276,30447
202001,경강선,초월,66223,12148,62160,11834,78371,73994
202002,경강선,초월,55275,8830,52692,8801,64105,61493
202003,경강선,초월,45109,7117,44418,7336,52226,51754
202004,경강선,초월,51273,8621,49127,8714,59894,57841
202005,경강선,초월,57765,10246,54831,10428,68011,65259
202006,경강선,초월,61746,10123,58888,10381,71869,69269
202007,경강선,초월,66563,10609,62354,10662,77172,73016
202008,경강선,초월,55863,8887,53250,8960,64750,62210
202009,경강선,초월,55500,9274,53180,9199,64774,62379
202010,경강선,초월,66391,11187,61931,11044,77578,72975
202011,경강선,초월,67418,10739,63963,10639,78157,74602
202012,경강선,초월,54295,8489,53248,8602,62784,61850
202001,안산선,초지,102889,14652,100962,14837,117541,115799
202002,안산선,초지,86320,10359,85386,10437,96679,95823
202003,안산선,초지,77190,8863,75965,8868,86053,84833
202004,안산선,초지,82614,10125,80700,10124,92739,90824
202005,안산선,초지,91825,12177,90302,12342,104002,102644
202006,안산선,초지,97124,11621,98041,11862,108745,109903
202007,안산선,초지,98535,12321,97672,12558,110856,110230
202008,안산선,초지,82389,10047,81677,10301,92436,91978
202009,안산선,초지,84573,10988,86458,11545,95561,98003
202010,안산선,초지,111078,13610,114486,13895,124688,128381
202011,안산선,초지,118895,12408,125229,12757,131303,137986
202012,안산선,초지,87942,9713,91657,9719,97655,101376
202001,4호선,총신대입구(이수),460349,152601,511340,160139,612950,671479
202002,4호선,총신대입구(이수),394004,113098,436837,118393,507102,555230
202003,4호선,총신대입구(이수),326131,87960,362791,92937,414091,455728
202004,4호선,총신대입구(이수),344823,102538,381855,107354,447361,489209
202005,4호선,총신대입구(이수),376400,123217,420322,129066,499617,549388
202006,4호선,총신대입구(이수),394111,121099,437930,126903,515210,564833
202007,4호선,총신대입구(이수),416954,128297,461630,134740,545251,596370
202008,4호선,총신대입구(이수),350470,106432,384313,112049,456902,496362
202009,4호선,총신대입구(이수),325011,107622,357660,113684,432633,471344
202010,4호선,총신대입구(이수),373087,121777,412266,127974,494864,540240
202011,4호선,총신대입구(이수),375776,118071,415370,124742,493847,540112
202012,4호선,총신대입구(이수),308598,96249,337378,102268,404847,439646
202001,7호선,춘의,229441,30262,222650,29179,259703,251829
202002,7호선,춘의,205412,24309,200993,23493,229721,224486
202003,7호선,춘의,187356,21433,184636,20481,208789,205117
202004,7호선,춘의,188942,23295,183700,22378,212237,206078
202005,7호선,춘의,191226,25683,185568,24794,216909,210362
202006,7호선,춘의,204802,26131,198803,25028,230933,223831
202007,7호선,춘의,219497,28299,213765,27351,247796,241116
202008,7호선,춘의,191069,24524,186219,23586,215593,209805
202009,7호선,춘의,192929,24492,189806,23648,217421,213454
202010,7호선,춘의,205216,27257,197689,26260,232473,223949
202011,7호선,춘의,214653,27452,207644,26427,242105,234071
202012,7호선,춘의,194632,24161,192463,23439,218793,215902
202001,경춘선,춘천,33117,16947,29334,14473,50064,43807
202002,경춘선,춘천,21934,10224,20138,8942,32158,29080
202003,경춘선,춘천,17322,8083,16023,7343,25405,23366
202004,경춘선,춘천,21878,10769,19460,9474,32647,28934
202005,경춘선,춘천,28144,15038,24965,12751,43182,37716
202006,경춘선,춘천,26966,14289,24196,12459,41255,36655
202007,경춘선,춘천,27983,14954,25304,12957,42937,38261
202008,경춘선,춘천,22041,12855,20611,11621,34896,32232
202009,경춘선,춘천,23365,10162,21184,9178,33527,30362
202010,경춘선,춘천,35644,16403,31711,13953,52047,45664
202011,경춘선,춘천,27485,11710,26114,10064,39195,36178
202012,경춘선,춘천,17167,7477,15881,6956,24644,22837
202001,3호선,충무로(3호선),36,3,0,0,39,0
202002,3호선,충무로(3호선),37,0,0,0,37,0
202003,3호선,충무로(3호선),16,0,0,0,16,0
202004,3호선,충무로(3호선),15,1,0,0,16,0
202005,3호선,충무로(3호선),26,2,0,0,28,0
202006,3호선,충무로(3호선),21,2,0,0,23,0
202007,3호선,충무로(3호선),27,2,0,0,29,0
202008,3호선,충무로(3호선),16,1,0,0,17,0
202009,3호선,충무로(3호선),17,3,0,0,20,0
202010,3호선,충무로(3호선),25,4,0,0,29,0
202011,3호선,충무로(3호선),21,1,0,0,22,0
202012,3호선,충무로(3호선),13,2,0,0,15,0
202001,4호선,충무로(4호선),705198,125517,723393,126793,830715,850186
202002,4호선,충무로(4호선),598110,94713,617696,94885,692823,712581
202003,4호선,충무로(4호선),494846,82037,517717,81462,576883,599179
202004,4호선,충무로(4호선),492170,87597,519335,87971,579767,607306
202005,4호선,충무로(4호선),520098,97614,546425,98138,617712,644563
202006,4호선,충무로(4호선),566986,99663,594721,100496,666649,695217
202007,4호선,충무로(4호선),585434,104666,615439,105167,690100,720606
202008,4호선,충무로(4호선),475538,86245,498088,86013,561783,584101
202009,4호선,충무로(4호선),474820,85298,495630,85196,560118,580826
202010,4호선,충무로(4호선),523042,97258,548072,98319,620300,646391
202011,4호선,충무로(4호선),553056,99657,576613,99776,652713,676389
202012,4호선,충무로(4호선),471432,84875,485880,84883,556307,570763
202001,2호선,충정로(경기대입구) 2호선,252707,47033,267327,46629,299740,313956
202002,2호선,충정로(경기대입구) 2호선,227813,38146,241700,37907,265959,279607
202003,2호선,충정로(경기대입구) 2호선,187485,33217,198598,32694,220702,231292
202004,2호선,충정로(경기대입구) 2호선,187017,34383,198082,34483,221400,232565
202005,2호선,충정로(경기대입구) 2호선,202945,38933,215983,39185,241878,255168
202006,2호선,충정로(경기대입구) 2호선,217845,38963,232664,39087,256808,271751
202007,2호선,충정로(경기대입구) 2호선,231389,42505,245871,42287,273894,288158
202008,2호선,충정로(경기대입구) 2호선,188870,36836,198750,36585,225706,235335
202009,2호선,충정로(경기대입구) 2호선,183878,36582,193758,36449,220460,230207
202010,2호선,충정로(경기대입구) 2호선,206218,40065,218202,39864,246283,258066
202011,2호선,충정로(경기대입구) 2호선,217936,40778,231458,40458,258714,271916
202012,2호선,충정로(경기대입구) 2호선,178326,34710,187629,34624,213036,222253
202001,5호선,충정로(경기대입구) 5호선,109193,15503,110601,15921,124696,126522
202002,5호선,충정로(경기대입구) 5호선,98453,12232,101183,12431,110685,113614
202003,5호선,충정로(경기대입구) 5호선,82231,9587,84012,9630,91818,93642
202004,5호선,충정로(경기대입구) 5호선,91040,10262,91891,10320,101302,102211
202005,5호선,충정로(경기대입구) 5호선,102997,12543,103041,12847,115540,115888
202006,5호선,충정로(경기대입구) 5호선,111757,12753,112464,12864,124510,125328
202007,5호선,충정로(경기대입구) 5호선,113054,12893,113609,13192,125947,126801
202008,5호선,충정로(경기대입구) 5호선,91746,11076,92622,11174,102822,103796
202009,5호선,충정로(경기대입구) 5호선,88514,10676,89626,10826,99190,100452
202010,5호선,충정로(경기대입구) 5호선,99875,11835,100314,12126,111710,112440
202011,5호선,충정로(경기대입구) 5호선,108062,12336,108977,12335,120398,121312
202012,5호선,충정로(경기대입구) 5호선,90786,10052,92022,10034,100838,102056
202001,경의선,탄현,183512,35270,175417,34861,218782,210278
202002,경의선,탄현,156317,26826,149916,26154,183143,176070
202003,경의선,탄현,134368,21816,129333,21431,156184,150764
202004,경의선,탄현,141825,25937,135445,25312,167762,160757
202005,경의선,탄현,155842,31362,149410,30648,187204,180058
202006,경의선,탄현,165337,31099,158511,30402,196436,188913
202007,경의선,탄현,175809,32339,168429,31741,208148,200170
202008,경의선,탄현,142015,25686,136928,25212,167701,162140
202009,경의선,탄현,134592,25784,130408,25212,160376,155620
202010,경의선,탄현,160335,31224,151685,30303,191559,181988
202011,경의선,탄현,163159,30332,155686,29801,193491,185487
202012,경의선,탄현,131408,23896,129218,23566,155304,152784
202001,6호선,태릉입구(6호선),128657,29982,148944,31249,158639,180193
202002,6호선,태릉입구(6호선),112469,21863,127316,23201,134332,150517
202003,6호선,태릉입구(6호선),100566,18554,112310,19918,119120,132228
202004,6호선,태릉입구(6호선),103551,20411,115481,21907,123962,137388
202005,6호선,태릉입구(6호선),112730,26004,128095,28522,138734,156617
202006,6호선,태릉입구(6호선),117415,24083,132569,26418,141498,158987
202007,6호선,태릉입구(6호선),123497,24940,138218,26755,148437,164973
202008,6호선,태릉입구(6호선),103048,21426,114164,22899,124474,137063
202009,6호선,태릉입구(6호선),99562,21117,109207,22473,120679,131680
202010,6호선,태릉입구(6호선),113484,25072,128859,26991,138556,155850
202011,6호선,태릉입구(6호선),116728,24419,131629,25693,141147,157322
202012,6호선,태릉입구(6호선),95625,19753,104334,20958,115378,125292
202001,7호선,태릉입구(7호선),202433,41017,187007,38378,243450,225385
202002,7호선,태릉입구(7호선),172712,31613,158696,29224,204325,187920
202003,7호선,태릉입구(7호선),150834,26291,137867,23926,177125,161793
202004,7호선,태릉입구(7호선),158841,30164,146148,27807,189005,173955
202005,7호선,태릉입구(7호선),181578,37799,169728,35252,219377,204980
202006,7호선,태릉입구(7호선),186791,36448,175111,33430,223239,208541
202007,7호선,태릉입구(7호선),193934,37045,180926,34286,230979,215212
202008,7호선,태릉입구(7호선),163561,31284,151254,28960,194845,180214
202009,7호선,태릉입구(7호선),154172,29956,143063,27611,184128,170674
202010,7호선,태릉입구(7호선),183030,36047,169424,33544,219077,202968
202011,7호선,태릉입구(7호선),186095,34784,173231,32194,220879,205425
202012,7호선,태릉입구(7호선),149468,28904,138671,26391,178372,165062
202001,분당선,태평,329704,88695,316213,92539,418399,408752
202002,분당선,태평,282258,68770,269342,72069,351028,341411
202003,분당선,태평,242032,55936,228193,59283,297968,287476
202004,분당선,태평,252188,64378,237882,67155,316566,305037
202005,분당선,태평,274864,75772,259728,78308,350636,338036
202006,분당선,태평,282305,72838,265379,75113,355143,340492
202007,분당선,태평,299636,76337,279555,79301,375973,358856
202008,분당선,태평,261652,66398,244358,68947,328050,313305
202009,분당선,태평,246503,67361,231519,70342,313864,301861
202010,분당선,태평,276024,74870,257752,77537,350894,335289
202011,분당선,태평,278624,73429,262307,77035,352053,339342
202012,분당선,태평,242662,64023,231710,68216,306685,299926
202001,경춘선,퇴계원,78666,26161,70993,24848,104827,95841
202002,경춘선,퇴계원,67547,19827,61854,19134,87374,80988
202003,경춘선,퇴계원,60386,17233,55192,16276,77619,71468
202004,경춘선,퇴계원,62793,19645,57108,18883,82438,75991
202005,경춘선,퇴계원,68646,23402,62006,22291,92048,84297
202006,경춘선,퇴계원,71979,22585,65053,21610,94564,86663
202007,경춘선,퇴계원,77038,23842,69074,22862,100880,91936
202008,경춘선,퇴계원,64499,19680,57905,18969,84179,76874
202009,경춘선,퇴계원,62829,20274,57004,19388,83103,76392
202010,경춘선,퇴계원,72636,23491,65129,22432,96127,87561
202011,경춘선,퇴계원,72359,22190,64888,21246,94549,86134
202012,경춘선,퇴계원,60361,18485,55393,17837,78846,73230
202001,경의선,파주,28622,6950,20012,5518,35572,25530
202002,경의선,파주,22042,5524,15344,4472,27566,19816
202003,경의선,파주,17749,5439,12830,4540,23188,17370
202004,경의선,파주,19041,6682,14141,5892,25723,20033
202005,경의선,파주,30164,7742,23244,6694,37906,29938
202006,경의선,파주,35014,7052,25688,6194,42066,31882
202007,경의선,파주,33688,7130,24437,6216,40818,30653
202008,경의선,파주,20556,5977,15138,5093,26533,20231
202009,경의선,파주,21070,6506,14400,5616,27576,20016
202010,경의선,파주,34082,7235,25074,6446,41317,31520
202011,경의선,파주,31404,6404,23846,5439,37808,29285
202012,경의선,파주,21094,5070,16121,4225,26164,20346
202001,경강선,판교,113560,12967,113506,10999,126527,124505
202002,경강선,판교,98597,9059,97754,7807,107656,105561
202003,경강선,판교,77213,7218,75042,6010,84431,81052
202004,경강선,판교,83622,8250,81848,7006,91872,88854
202005,경강선,판교,92374,9887,90297,8432,102261,98729
202006,경강선,판교,102132,10294,100483,8662,112426,109145
202007,경강선,판교,110055,10820,109786,9030,120875,118816
202008,경강선,판교,89240,8945,88407,7818,98185,96225
202009,경강선,판교,82587,8983,80468,7960,91570,88428
202010,경강선,판교,97789,10657,96962,9474,108446,106436
202011,경강선,판교,103820,10192,101215,9210,114012,110425
202012,경강선,판교,83206,8943,79436,8092,92149,87528
202001,중앙선,팔당,19533,6073,19476,5931,25606,25407
202002,중앙선,팔당,16122,4792,16199,4708,20914,20907
202003,중앙선,팔당,18502,5856,19262,5931,24358,25193
202004,중앙선,팔당,23733,7689,25349,7839,31422,33188
202005,중앙선,팔당,25139,8686,26279,8805,33825,35084
202006,중앙선,팔당,23073,7829,23076,7778,30902,30854
202007,중앙선,팔당,23662,7893,23918,7947,31555,31865
202008,중앙선,팔당,18982,6796,18775,6879,25778,25654
202009,중앙선,팔당,21239,8095,21928,8153,29334,30081
202010,중앙선,팔당,26517,9535,28385,9666,36052,38051
202011,중앙선,팔당,19844,6547,20130,6684,26391,26814
202012,중앙선,팔당,15173,5036,15661,4852,20209,20513
202001,경춘선,평내호평,126770,41111,124008,38787,167881,162795
202002,경춘선,평내호평,108706,30049,108356,28541,138755,136897
202003,경춘선,평내호평,91714,24404,91176,23564,116118,114740
202004,경춘선,평내호평,99011,29897,98438,28843,128908,127281
202005,경춘선,평내호평,110415,35592,109115,34437,146007,143552
202006,경춘선,평내호평,119766,34758,117490,33273,154524,150763
202007,경춘선,평내호평,127298,36782,125075,35240,164080,160315
202008,경춘선,평내호평,103896,30394,102313,29358,134290,131671
202009,경춘선,평내호평,100177,32059,100408,30759,132236,131167
202010,경춘선,평내호평,119834,37798,118461,36293,157632,154754
202011,경춘선,평내호평,118222,35668,116762,34135,153890,150897
202012,경춘선,평내호평,95973,28669,96275,27700,124642,123975
202001,과천선,평촌,440357,64583,429981,64780,504940,494761
202002,과천선,평촌,384920,46805,378828,47544,431725,426372
202003,과천선,평촌,332135,37573,329144,37856,369708,367000
202004,과천선,평촌,344115,43370,339833,43834,387485,383667
202005,과천선,평촌,361999,50790,357229,51118,412789,408347
202006,과천선,평촌,393115,50382,387911,50736,443497,438647
202007,과천선,평촌,420781,53698,414735,53956,474479,468691
202008,과천선,평촌,341767,44760,337535,44962,386527,382497
202009,과천선,평촌,335232,44734,333226,44900,379966,378126
202010,과천선,평촌,371762,52667,367705,52657,424429,420362
202011,과천선,평촌,388150,51833,383878,51880,439983,435758
202012,과천선,평촌,328313,43259,327661,43112,371572,370773
202001,경부선,평택,326542,66861,322563,65220,393403,387783
202002,경부선,평택,233755,43424,229204,42032,277179,271236
202003,경부선,평택,187040,34551,184143,33423,221591,217566
202004,경부선,평택,211473,40882,210081,39750,252355,249831
202005,경부선,평택,265855,51497,265721,50655,317352,316376
202006,경부선,평택,270125,51101,269009,50123,321226,319132
202007,경부선,평택,286367,54247,282783,52713,340614,335496
202008,경부선,평택,249391,45659,247606,44132,295050,291738
202009,경부선,평택,228780,42796,226584,41644,271576,268228
202010,경부선,평택,293526,53833,290654,52390,347359,343044
202011,경부선,평택,278620,49683,281746,48669,328303,330415
202012,경부선,평택,222503,40003,221436,38525,262506,259961
202001,경의선,풍산,125386,31548,113803,30837,156934,144640
202002,경의선,풍산,105722,22408,96667,22093,128130,118760
202003,경의선,풍산,91310,17947,84462,17588,109257,102050
202004,경의선,풍산,97305,21859,90207,21440,119164,111647
202005,경의선,풍산,107111,26972,99849,26537,134083,126386
202006,경의선,풍산,113847,26797,105289,26187,140644,131476
202007,경의선,풍산,122527,28328,113096,27319,150855,140415
202008,경의선,풍산,99615,22547,92242,21986,122162,114228
202009,경의선,풍산,93750,22447,88548,21898,116197,110446
202010,경의선,풍산,114425,28280,106125,27721,142705,133846
202011,경의선,풍산,114410,26390,106445,25777,140800,132222
202012,경의선,풍산,91088,20286,85948,19991,111374,105939
202001,7호선,하계,438527,104139,411570,99558,542666,511128
202002,7호선,하계,373476,76597,350154,72882,450073,423036
202003,7호선,하계,315036,60945,295485,58190,375981,353675
202004,7호선,하계,328735,72716,306374,70088,401451,376462
202005,7호선,하계,362838,85237,338818,82094,448075,420912
202006,7호선,하계,385261,83875,358377,80706,469136,439083
202007,7호선,하계,406307,88985,374844,84924,495292,459768
202008,7호선,하계,341304,73974,316847,71039,415278,387886
202009,7호선,하계,318195,71557,298414,68311,389752,366725
202010,7호선,하계,370785,85174,343956,81074,455959,425030
202011,7호선,하계,377087,82720,353400,79510,459807,432910
202012,7호선,하계,311368,69863,298133,67052,381231,365185
202008,5호선,하남풍산,61067,16243,63255,17800,77310,81055
202009,5호선,하남풍산,79375,16687,80432,18297,96062,98729
202010,5호선,하남풍산,98633,21019,96940,22431,119652,119371
202011,5호선,하남풍산,104117,20611,100190,21836,124728,122026
202012,5호선,하남풍산,88928,16887,88753,18305,105815,107058
202001,7호선,학동,560709,57580,612887,54383,618289,667270
202002,7호선,학동,520328,47663,567830,44429,567991,612259
202003,7호선,학동,469190,39457,511833,36558,508647,548391
202004,7호선,학동,464092,41161,508864,38366,505253,547230
202005,7호선,학동,483223,47903,526196,45161,531126,571357
202006,7호선,학동,534951,49250,583623,46155,584201,629778
202007,7호선,학동,561136,52339,614358,48917,613475,663275
202008,7호선,학동,470664,43651,509213,40626,514315,549839
202009,7호선,학동,462368,42733,497820,39694,505101,537514
202010,7호선,학동,490470,48179,537429,45633,538649,583062
202011,7호선,학동,531359,51842,576106,48919,583201,625025
202012,7호선,학동,465701,44245,494870,41103,509946,535973
202001,3호선,학여울,46605,13976,48012,13732,60581,61744
202002,3호선,학여울,37600,11436,38422,10928,49036,49350
202003,3호선,학여울,25631,8279,26319,7659,33910,33978
202004,3호선,학여울,28265,8891,28971,8562,37156,37533
202005,3호선,학여울,32057,10611,32863,10427,42668,43290
202006,3호선,학여울,46237,13374,48794,13004,59611,61798
202007,3호선,학여울,44517,13138,46367,13139,57655,59506
202008,3호선,학여울,31926,10097,33111,10059,42023,43170
202009,3호선,학여울,27722,9520,28496,9378,37242,37874
202010,3호선,학여울,40534,12174,41852,11962,52708,53814
202011,3호선,학여울,43601,13928,45078,13640,57529,58718
202012,3호선,학여울,26824,8913,27637,8443,35737,36080
202001,6호선,한강진,219562,14577,260726,14309,234139,275035
202002,6호선,한강진,184664,12309,221342,12115,196973,233457
202003,6호선,한강진,145444,10718,176377,10492,156162,186869
202004,6호선,한강진,151811,11158,187493,10826,162969,198319
202005,6호선,한강진,154970,12718,186142,12623,167688,198765
202006,6호선,한강진,166098,13454,199924,12941,179552,212865
202007,6호선,한강진,195150,14129,236537,13691,209279,250228
202008,6호선,한강진,159250,11708,190215,11254,170958,201469
202009,6호선,한강진,147474,11846,174250,11358,159320,185608
202010,6호선,한강진,196465,13534,236015,13333,209999,249348
202011,6호선,한강진,178900,13705,213549,13869,192605,227418
202012,6호선,한강진,130337,11412,149698,11071,141749,160769
202001,경원선,한남,94104,32732,91599,30406,126836,122005
202002,경원선,한남,81658,22973,78496,21471,104631,99967
202003,경원선,한남,72233,18647,69078,17409,90880,86487
202004,경원선,한남,73372,20475,70141,19247,93847,89388
202005,경원선,한남,79692,23633,75312,21975,103325,97287
202006,경원선,한남,86004,24104,82059,22636,110108,104695
202007,경원선,한남,92913,25117,89013,23634,118030,112647
202008,경원선,한남,77192,22231,74289,20713,99423,95002
202009,경원선,한남,74616,22489,70194,20971,97105,91165
202010,경원선,한남,84253,25100,81682,23363,109353,105045
202011,경원선,한남,82936,25015,80484,23060,107951,103544
202012,경원선,한남,69864,20600,65759,19216,90464,84975
202001,안산선,한대앞,196041,36952,191353,36308,232993,227661
202002,안산선,한대앞,160328,27097,158766,26836,187425,185602
202003,안산선,한대앞,136990,21871,136504,21800,158861,158304
202004,안산선,한대앞,144677,25687,143509,25714,170364,169223
202005,안산선,한대앞,159486,31707,157280,31855,191193,189135
202006,안산선,한대앞,170829,30179,167915,30259,201008,198174
202007,안산선,한대앞,175111,31195,170994,31395,206306,202389
202008,안산선,한대앞,147781,26021,144356,26100,173802,170456
202009,안산선,한대앞,155634,31657,154903,32469,187291,187372
202010,안산선,한대앞,195828,37482,194051,37993,233310,232044
202011,안산선,한대앞,194822,36199,193580,36586,231021,230166
202012,안산선,한대앞,156737,29002,157299,29473,185739,186772
202001,4호선,한성대입구(삼선교),340244,73490,326760,72702,413734,399462
202002,4호선,한성대입구(삼선교),289225,55345,277575,54983,344570,332558
202003,4호선,한성대입구(삼선교),242790,45995,236127,45421,288785,281548
202004,4호선,한성대입구(삼선교),253817,51413,250796,51057,305230,301853
202005,4호선,한성대입구(삼선교),282783,62029,279332,61201,344812,340533
202006,4호선,한성대입구(삼선교),303741,59746,296454,59157,363487,355611
202007,4호선,한성대입구(삼선교),318782,62777,308007,61791,381559,369798
202008,4호선,한성대입구(삼선교),254467,51461,247782,50865,305928,298647
202009,4호선,한성대입구(삼선교),249926,52294,244004,51667,302220,295671
202010,4호선,한성대입구(삼선교),294317,60561,288931,59706,354878,348637
202011,4호선,한성대입구(삼선교),307876,60506,302043,59361,368382,361404
202012,4호선,한성대입구(삼선교),239955,49027,235536,48678,288982,284214
202001,9호선2~3단계,한성백제,55347,12386,49707,11483,67733,61190
202002,9호선2~3단계,한성백제,44685,9442,39672,8690,54127,48362
202003,9호선2~3단계,한성백제,39426,8327,34078,7423,47753,41501
202004,9호선2~3단계,한성백제,42759,9468,36839,8315,52227,45154
202005,9호선2~3단계,한성백제,46532,11377,41238,9893,57909,51131
202006,9호선2~3단계,한성백제,48486,11106,42921,10218,59592,53139
202007,9호선2~3단계,한성백제,52681,11806,46867,10999,64487,57866
202008,9호선2~3단계,한성백제,45706,10068,40574,9163,55774,49737
202009,9호선2~3단계,한성백제,41496,9686,36725,8887,51182,45612
202010,9호선2~3단계,한성백제,51753,12336,45957,10861,64089,56818
202011,9호선2~3단계,한성백제,50368,12249,45259,11083,62617,56342
202012,9호선2~3단계,한성백제,39983,9710,36324,8681,49693,45005
202001,2호선,한양대,212741,13680,228859,14465,226421,243324
202002,2호선,한양대,159376,10533,173786,10748,169909,184534
202003,2호선,한양대,134515,9098,144985,9148,143613,154133
202004,2호선,한양대,144015,9776,157874,10205,153791,168079
202005,2호선,한양대,161644,11327,178847,11787,172971,190634
202006,2호선,한양대,195259,11211,217739,11675,206470,229414
202007,2호선,한양대,178950,11856,193111,12260,190806,205371
202008,2호선,한양대,148124,10275,153403,10461,158399,163864
202009,2호선,한양대,144842,10034,154060,10448,154876,164508
202010,2호선,한양대,182595,11172,203531,11787,193767,215318
202011,2호선,한양대,193058,11357,210112,11982,204415,222094
202012,2호선,한양대,146622,9555,150168,9925,156177,160093
202001,분당선,한티,382094,64189,395975,65635,446283,461610
202002,분당선,한티,312341,47661,326181,48334,360002,374515
202003,분당선,한티,224909,35707,237900,35606,260616,273506
202004,분당선,한티,248149,41135,259154,41192,289284,300346
202005,분당선,한티,282679,50629,296490,51362,333308,347852
202006,분당선,한티,296806,52416,314198,53384,349222,367582
202007,분당선,한티,328958,55338,347286,55378,384296,402664
202008,분당선,한티,295359,46014,309726,46587,341373,356313
202009,분당선,한티,252570,45130,268886,45822,297700,314708
202010,분당선,한티,299631,52656,316235,53177,352287,369412
202011,분당선,한티,305251,52879,323897,53356,358130,377253
202012,분당선,한티,245142,43536,261832,44272,288678,306104
202001,2호선,합정(2호선),904668,69039,962870,69023,973707,1031893
202002,2호선,합정(2호선),784455,53736,838067,53463,838191,891530
202003,2호선,합정(2호선),640981,43341,686371,43067,684322,729438
202004,2호선,합정(2호선),680012,48502,732794,48049,728514,780843
202005,2호선,합정(2호선),718702,57244,766783,56151,775946,822934
202006,2호선,합정(2호선),753075,57040,803409,55879,810115,859288
202007,2호선,합정(2호선),821832,60186,881101,59830,882018,940931
202008,2호선,합정(2호선),675803,50807,725787,51058,726610,776845
202009,2호선,합정(2호선),613106,48997,651066,48729,662103,699795
202010,2호선,합정(2호선),732410,58017,800065,58495,790427,858560
202011,2호선,합정(2호선),740497,57542,795825,57413,798039,853238
202012,2호선,합정(2호선),561383,45996,585192,45518,607379,630710
202001,6호선,합정(6호선),383491,39386,366636,35810,422877,402446
202002,6호선,합정(6호선),332459,29925,320882,27798,362384,348680
202003,6호선,합정(6호선),278661,23668,271096,22403,302329,293499
202004,6호선,합정(6호선),286521,26131,284721,24478,312652,309199
202005,6호선,합정(6호선),297598,30762,293888,29032,328360,322920
202006,6호선,합정(6호선),309180,30660,308085,29303,339840,337388
202007,6호선,합정(6호선),339679,32905,337242,30835,372584,368077
202008,6호선,합정(6호선),284649,28577,279503,26432,313226,305935
202009,6호선,합정(6호선),260313,27794,254979,25740,288107,280719
202010,6호선,합정(6호선),311765,33180,309449,30391,344945,339840
202011,6호선,합정(6호선),307489,32290,304529,30416,339779,334945
202012,6호선,합정(6호선),236291,26068,231090,24190,262359,255280
202001,5호선,행당,194661,47525,171031,43211,242186,214242
202002,5호선,행당,168430,36521,148618,33526,204951,182144
202003,5호선,행당,141040,30447,124997,27634,171487,152631
202004,5호선,행당,149728,34312,130998,31063,184040,162061
202005,5호선,행당,163828,40689,143821,36521,204517,180342
202006,5호선,행당,173339,40821,152595,36421,214160,189016
202007,5호선,행당,184557,42773,160664,38366,227330,199030
202008,5호선,행당,151872,36045,133739,32314,187917,166053
202009,5호선,행당,144212,36474,128267,32173,180686,160440
202010,5호선,행당,166244,41371,145274,36681,207615,181955
202011,5호선,행당,172357,41273,152058,36887,213630,188945
202012,5호선,행당,141347,34217,126806,30863,175564,157669
202001,경의선,행신,195950,33801,186835,33888,229751,220723
202002,경의선,행신,163435,24462,156253,24756,187897,181009
202003,경의선,행신,136516,19390,132767,19734,155906,152501
202004,경의선,행신,145465,23169,141372,23505,168634,164877
202005,경의선,행신,160842,27912,157869,28414,188754,186283
202006,경의선,행신,174180,27830,170038,28493,202010,198531
202007,경의선,행신,186368,29220,181531,29863,215588,211394
202008,경의선,행신,153014,23890,149693,24544,176904,174237
202009,경의선,행신,142217,23403,141197,23921,165620,165118
202010,경의선,행신,169401,28297,165484,28881,197698,194365
202011,경의선,행신,175666,27667,172430,28132,203333,200562
202012,경의선,행신,138139,21794,139102,22403,159933,161505
202001,4호선,혜화,1020875,129061,1052515,128135,1149936,1180650
202002,4호선,혜화,758288,91812,784124,90455,850100,874579
202003,4호선,혜화,546470,75057,561809,73425,621527,635234
202004,4호선,혜화,584572,86574,603325,84543,671146,687868
202005,4호선,혜화,682236,101298,707382,100066,783534,807448
202006,4호선,혜화,691152,104921,716560,103323,796073,819883
202007,4호선,혜화,780616,111363,809504,109399,891979,918903
202008,4호선,혜화,645606,89975,666517,88145,735581,754662
202009,4호선,혜화,564113,89247,571219,86699,653360,657918
202010,4호선,혜화,707776,103287,730345,101698,811063,832043
202011,4호선,혜화,738156,108207,752963,106362,846363,859325
202012,4호선,혜화,519313,91465,513612,88648,610778,602260
202001,수인선,호구포,82150,18228,82692,17819,100378,100511
202002,수인선,호구포,71390,14790,71924,14493,86180,86417
202003,수인선,호구포,63169,12539,64540,12206,75708,76746
202004,수인선,호구포,65086,13690,65975,13424,78776,79399
202005,수인선,호구포,66705,15216,67001,14868,81921,81869
202006,수인선,호구포,71767,14465,72296,14363,86232,86659
202007,수인선,호구포,75567,15411,76393,15233,90978,91626
202008,수인선,호구포,63419,13632,64369,13316,77051,77685
202009,수인선,호구포,64921,14355,66466,14072,79276,80538
202010,수인선,호구포,73719,15924,73711,15856,89643,89567
202011,수인선,호구포,76120,15307,77411,15371,91427,92782
202012,수인선,호구포,69066,13600,71433,13715,82666,85148
202001,2호선,홍대입구(2호선),2196617,105613,2362935,102529,2302230,2465464
202002,2호선,홍대입구(2호선),1655178,77762,1773046,75288,1732940,1848334
202003,2호선,홍대입구(2호선),1117281,61852,1192577,59410,1179133,1251987
202004,2호선,홍대입구(2호선),1215864,68810,1316632,65931,1284674,1382563
202005,2호선,홍대입구(2호선),1203512,78299,1279518,75667,1281811,1355185
202006,2호선,홍대입구(2호선),1244424,77807,1329820,75037,1322231,1404857
202007,2호선,홍대입구(2호선),1467164,84556,1593450,81261,1551720,1674711
202008,2호선,홍대입구(2호선),1225205,71891,1316878,69618,1297096,1386496
202009,2호선,홍대입구(2호선),1002313,68516,1070633,65912,1070829,1136545
202010,2호선,홍대입구(2호선),1339966,81964,1476241,79278,1421930,1555519
202011,2호선,홍대입구(2호선),1306396,81110,1406694,78081,1387506,1484775
202012,2호선,홍대입구(2호선),892596,65448,925474,62387,958044,987861
202001,경의선,홍대입구(경의선),2,0,0,0,2,0
202001,경의선,홍대입구(경의선),56286,5133,69518,5766,61419,75284
202002,경의선,홍대입구(경의선),42310,3839,50112,4225,46149,54337
202003,경의선,홍대입구(경의선),1,0,0,0,1,0
202003,경의선,홍대입구(경의선),33043,3246,37177,3367,36289,40544
202004,경의선,홍대입구(경의선),36703,3791,41334,3900,40494,45234
202005,경의선,홍대입구(경의선),38661,4105,43481,4569,42766,48050
202006,경의선,홍대입구(경의선),1,0,0,0,1,0
202006,경의선,홍대입구(경의선),39769,4090,44535,4488,43859,49023
202007,경의선,홍대입구(경의선),45426,4431,52097,4757,49857,56854
202008,경의선,홍대입구(경의선),38307,3762,43558,4010,42069,47568
202009,경의선,홍대입구(경의선),33209,3689,36289,4078,36898,40367
202010,경의선,홍대입구(경의선),44119,4285,50942,4808,48404,55750
202011,경의선,홍대입구(경의선),40397,4250,47039,4636,44647,51675
202012,경의선,홍대입구(경의선),28910,3434,31708,3519,32344,35227
202001,공항철도 1호선,홍대입구(공항철도),352333,16893,348652,16021,369226,364673
202002,공항철도 1호선,홍대입구(공항철도),266273,12650,267400,12068,278923,279468
202003,공항철도 1호선,홍대입구(공항철도),172241,10224,177494,9838,182465,187332
202004,공항철도 1호선,홍대입구(공항철도),190609,11466,197301,11103,202075,208404
202005,공항철도 1호선,홍대입구(공항철도),198344,13052,202233,12294,211396,214527
202006,공항철도 1호선,홍대입구(공항철도),205388,13239,210838,12375,218627,223213
202007,공항철도 1호선,홍대입구(공항철도),246650,14128,254062,13347,260778,267409
202008,공항철도 1호선,홍대입구(공항철도),206505,12119,210289,11444,218624,221733
202009,공항철도 1호선,홍대입구(공항철도),175241,12021,175507,11468,187262,186975
202010,공항철도 1호선,홍대입구(공항철도),230842,14403,239681,13559,245245,253240
202011,공항철도 1호선,홍대입구(공항철도),221472,14031,228513,13211,235503,241724
202012,공항철도 1호선,홍대입구(공항철도),150389,11644,152541,11470,162033,164011
202001,3호선,홍제,389546,141368,362993,140744,530914,503737
202002,3호선,홍제,335827,107145,313593,107426,442972,421019
202003,3호선,홍제,288060,89558,269831,89416,377618,359247
202004,3호선,홍제,306109,103067,284375,101725,409176,386100
202005,3호선,홍제,331929,122291,308424,119607,454220,428031
202006,3호선,홍제,349083,117145,323957,115229,466228,439186
202007,3호선,홍제,363696,123867,335089,122576,487563,457665
202008,3호선,홍제,302408,103649,280275,103063,406057,383338
202009,3호선,홍제,290022,106288,272451,104455,396310,376906
202010,3호선,홍제,335995,120817,312244,118423,456812,430667
202011,3호선,홍제,341904,116734,319954,115380,458638,435334
202012,3호선,홍제,282025,97217,270372,96848,379242,367220
202001,우이신설선,화계,56261,40820,49618,41717,97081,91335
202002,우이신설선,화계,49641,30963,43982,31787,80604,75769
202003,우이신설선,화계,44783,25830,40374,26071,70613,66445
202004,우이신설선,화계,45564,28943,40240,29261,74507,69501
202005,우이신설선,화계,49123,32538,42817,32554,81661,75371
202006,우이신설선,화계,52144,32063,45460,32365,84207,77825
202007,우이신설선,화계,56003,34434,48343,34478,90437,82821
202008,우이신설선,화계,47005,28817,41316,29455,75822,70771
202009,우이신설선,화계,45914,29784,41041,30133,75698,71174
202010,우이신설선,화계,51040,34518,44380,34598,85558,78978
202011,우이신설선,화계,51573,33451,45644,34214,85024,79858
202012,우이신설선,화계,46059,29005,42033,28999,75064,71032
202001,5호선,화곡,714014,141375,658915,135055,855389,793970
202002,5호선,화곡,629483,113271,580892,108423,742754,689315
202003,5호선,화곡,550777,93931,506463,89328,644708,595791
202004,5호선,화곡,566934,104798,518407,99540,671732,617947
202005,5호선,화곡,603181,121369,557137,115771,724550,672908
202006,5호선,화곡,627770,116279,573572,110657,744049,684229
202007,5호선,화곡,662991,123095,603489,117169,786086,720658
202008,5호선,화곡,562235,106331,516351,101637,668566,617988
202009,5호선,화곡,533598,104646,489552,99721,638244,589273
202010,5호선,화곡,601385,118006,550243,112226,719391,662469
202011,5호선,화곡,615438,117819,569296,112568,733257,681864
202012,5호선,화곡,525777,98922,494140,95090,624699,589230
202001,6호선,화랑대(서울여대입구),296264,46673,221574,41428,342937,263002
202002,6호선,화랑대(서울여대입구),250421,35151,188201,31196,285572,219397
202003,6호선,화랑대(서울여대입구),213487,28016,160957,24584,241503,185541
202004,6호선,화랑대(서울여대입구),222037,31944,167767,28009,253981,195776
202005,6호선,화랑대(서울여대입구),242207,37489,184154,33178,279696,217332
202006,6호선,화랑대(서울여대입구),262801,37670,201283,33334,300471,234617
202007,6호선,화랑대(서울여대입구),276423,40262,208107,35680,316685,243787
202008,6호선,화랑대(서울여대입구),223510,33216,170502,29232,256726,199734
202009,6호선,화랑대(서울여대입구),215680,32927,166363,29278,248607,195641
202010,6호선,화랑대(서울여대입구),253792,38786,194616,34661,292578,229277
202011,6호선,화랑대(서울여대입구),259601,38482,199560,33864,298083,233424
202012,6호선,화랑대(서울여대입구),207971,30031,163675,26570,238002,190245
202001,경부선,화서,182866,40823,173642,40271,223689,213913
202002,경부선,화서,149663,27623,143418,27493,177286,170911
202003,경부선,화서,129408,22639,123338,22263,152047,145601
202004,경부선,화서,139605,27454,133705,26997,167059,160702
202005,경부선,화서,151734,33293,146114,32846,185027,178960
202006,경부선,화서,160711,32609,155559,32061,193320,187620
202007,경부선,화서,167707,33681,162769,33115,201388,195884
202008,경부선,화서,136930,27438,132457,27083,164368,159540
202009,경부선,화서,134829,28010,129913,27573,162839,157486
202010,경부선,화서,155235,34686,149351,34394,189921,183745
202011,경부선,화서,156166,32407,151150,31963,188573,183113
202012,경부선,화서,128627,25962,125686,25709,154589,151395
202001,경의선,화전,42307,7816,38398,7332,50123,45730
202002,경의선,화전,29705,6449,26632,6097,36154,32729
202003,경의선,화전,24426,6581,22355,6473,31007,28828
202004,경의선,화전,27367,7750,25170,7587,35117,32757
202005,경의선,화전,32751,9013,29590,8843,41764,38433
202006,경의선,화전,41597,8350,38286,8212,49947,46498
202007,경의선,화전,41657,8522,37457,8573,50179,46030
202008,경의선,화전,26833,7467,24640,7350,34300,31990
202009,경의선,화전,25167,7822,22889,7762,32989,30651
202010,경의선,화전,34692,8781,31605,8585,43473,40190
202011,경의선,화전,40321,8061,37024,7700,48382,44724
202012,경의선,화전,29235,6386,26726,6136,35621,32862
202001,일산선,화정,427434,126465,444822,128696,553899,573518
202002,일산선,화정,354938,89617,368877,92114,444555,460991
202003,일산선,화정,291910,69240,302450,71102,361150,373552
202004,일산선,화정,308000,80416,319054,82582,388416,401636
202005,일산선,화정,339316,101267,350064,102361,440583,452425
202006,일산선,화정,352898,101244,363569,103320,454142,466889
202007,일산선,화정,375403,104556,386416,107182,479959,493598
202008,일산선,화정,307022,83344,316250,85291,390366,401541
202009,일산선,화정,288484,81999,299379,84106,370483,383485
202010,일산선,화정,337526,97688,349305,100057,435214,449362
202011,일산선,화정,336503,92375,348045,95150,428878,443195
202012,일산선,화정,279575,75994,292112,77977,355569,370089
202001,중앙선,회기,627648,122951,601811,121907,750599,723718
202002,중앙선,회기,525941,93511,503048,92500,619452,595548
202003,중앙선,회기,407944,75519,388315,74372,483463,462687
202004,중앙선,회기,442101,89174,424229,87656,531275,511885
202005,중앙선,회기,494391,105188,478404,103624,599579,582028
202006,중앙선,회기,526445,103754,505605,102207,630199,607812
202007,중앙선,회기,565720,109764,540262,107852,675484,648114
202008,중앙선,회기,469452,92001,452056,90063,561453,542119
202009,중앙선,회기,434319,93152,411967,90911,527471,502878
202010,중앙선,회기,523839,107461,506870,105414,631300,612284
202011,중앙선,회기,541215,103196,523344,101952,644411,625296
202012,중앙선,회기,424237,86386,405759,85103,510623,490862
202001,경원선,회룡,236035,138927,223629,138992,374962,362621
202002,경원선,회룡,204034,106784,194850,107239,310818,302089
202003,경원선,회룡,177999,84840,171587,85254,262839,256841
202004,경원선,회룡,183486,94473,179454,94935,277959,274389
202005,경원선,회룡,202662,117503,197283,117103,320165,314386
202006,경원선,회룡,214766,115203,208125,115186,329969,323311
202007,경원선,회룡,223082,120543,216396,120204,343625,336600
202008,경원선,회룡,183514,101427,178345,101426,284941,279771
202009,경원선,회룡,180206,102965,176625,102735,283171,279360
202010,경원선,회룡,205629,120103,199797,119721,325732,319518
202011,경원선,회룡,208266,116859,203632,116842,325125,320474
202012,경원선,회룡,175355,95373,172916,96168,270728,269084
202001,4호선,회현(남대문시장),629279,168702,677863,168736,797981,846599
202002,4호선,회현(남대문시장),490496,111862,528027,110702,602358,638729
202003,4호선,회현(남대문시장),385360,94765,419578,93858,480125,513436
202004,4호선,회현(남대문시장),401941,123393,441140,123203,525334,564343
202005,4호선,회현(남대문시장),440396,160221,479336,160653,600617,639989
202006,4호선,회현(남대문시장),451178,157835,489167,158731,609013,647898
202007,4호선,회현(남대문시장),473191,164421,510832,164305,637612,675137
202008,4호선,회현(남대문시장),361358,98439,387246,97693,459797,484939
202009,4호선,회현(남대문시장),378123,108686,404282,108245,486809,512527
202010,4호선,회현(남대문시장),419362,143835,452790,144242,563197,597032
202011,4호선,회현(남대문시장),440997,135623,470870,134658,576620,605528
202012,4호선,회현(남대문시장),382122,104086,401675,103220,486208,504895
202001,6호선,효창공원앞(6호선),161233,39578,143889,37067,200811,180956
202002,6호선,효창공원앞(6호선),143434,29705,127364,28022,173139,155386
202003,6호선,효창공원앞(6호선),126496,24736,112198,23261,151232,135459
202004,6호선,효창공원앞(6호선),131080,27821,115431,26113,158901,141544
202005,6호선,효창공원앞(6호선),140298,31951,122482,29555,172249,152037
202006,6호선,효창공원앞(6호선),148780,31484,130462,29466,180264,159928
202007,6호선,효창공원앞(6호선),158088,34341,136640,31748,192429,168388
202008,6호선,효창공원앞(6호선),134090,29456,115264,27328,163546,142592
202009,6호선,효창공원앞(6호선),129614,30064,114246,28090,159678,142336
202010,6호선,효창공원앞(6호선),142843,34232,125383,31748,177075,157131
202011,6호선,효창공원앞(6호선),147545,33516,131044,31575,181061,162619
202012,6호선,효창공원앞(6호선),123912,27979,111772,26554,151891,138326
202001,경의선,효창공원앞(경의선),64894,13917,72742,15004,78811,87746
202002,경의선,효창공원앞(경의선),56842,10504,63542,11338,67346,74880
202003,경의선,효창공원앞(경의선),50134,8782,57273,9486,58916,66759
202004,경의선,효창공원앞(경의선),51210,10455,58505,11219,61665,69724
202005,경의선,효창공원앞(경의선),54809,12220,62574,13343,67029,75917
202006,경의선,효창공원앞(경의선),58965,12378,67062,13391,71343,80453
202007,경의선,효창공원앞(경의선),61249,12901,71048,14125,74150,85173
202008,경의선,효창공원앞(경의선),52389,11078,60269,11985,63467,72254
202009,경의선,효창공원앞(경의선),51389,10875,58284,11839,62264,70123
202010,경의선,효창공원앞(경의선),55696,12235,64089,13581,67931,77670
202011,경의선,효창공원앞(경의선),58264,12021,67084,13062,70285,80146
202012,경의선,효창공원앞(경의선),51009,10100,58526,10936,61109,69462
202001,9호선,흑석(중앙대입구),200120,54915,210074,56116,255035,266190
202002,9호선,흑석(중앙대입구),154977,40612,164323,41826,195589,206149
202003,9호선,흑석(중앙대입구),123763,31042,131781,32108,154805,163889
202004,9호선,흑석(중앙대입구),131715,35348,138940,35688,167063,174628
202005,9호선,흑석(중앙대입구),147915,42382,155936,43129,190297,199065
202006,9호선,흑석(중앙대입구),154775,41727,163848,42330,196502,206178
202007,9호선,흑석(중앙대입구),169447,44136,177692,44895,213583,222587
202008,9호선,흑석(중앙대입구),148066,38140,153722,38697,186206,192419
202009,9호선,흑석(중앙대입구),134840,37322,140806,37441,172162,178247
202010,9호선,흑석(중앙대입구),152429,42724,158368,42944,195153,201312
202011,9호선,흑석(중앙대입구),158466,43239,166454,43653,201705,210107
202012,9호선,흑석(중앙대입구),131540,34872,136643,35103,166412,171746
